-24 -1.224 -0.0604656 0 0 -0.0604656 2.068 0 0 0.045
-27 -1.377 -0.266449 0 0 -0.266449 2.104 0 0 0.06
-20 -1.02 -0.559115 0 0 -0.559115 2.403 0 0 1.275
-28 -1.428 -0.827659 0 0 -0.827659 2.439 0 0 1.305
-20 -1.02 -1.0341 0 0 -1.0341 2.474 0 0 2.28
-11 -0.561 -1.01143 0 0 -1.01143 2.482 0.0038 0 2.28
23 1.173 -0.925766 0 0 -0.925766 2.489 0.019 0 2.28
-4 -0.204 -0.99379 0.000395257 7.05847e-06 -0.993797 2.498 0.0418 7 2.28
15 0.765 -0.945921 0.000395257 7.05847e-06 -0.945928 2.506 0.0722 7 2.28
15 0.765 -0.945921 0.000395257 7.05847e-06 -0.945928 2.514 0.1178 7 2.28
24 1.224 -0.923247 0.000846979 1.51253e-05 -0.923262 2.523 0.1824 15 2.28
48 2.448 -0.862781 0.000846979 1.51253e-05 -0.862796 2.531 0.2622 15 2.28
81 4.131 -0.779641 0.000395257 7.05847e-06 -0.779648 2.54 0.3268 7 2.28
81 4.131 -0.779641 0.000846979 1.51253e-05 -0.779656 2.548 0.4066 15 2.28
86 4.386 -0.767044 0.00163749 2.92422e-05 -0.767073 2.557 0.5282 29 2.28
114 5.814 -0.696501 0.00163749 2.92422e-05 -0.69653 2.565 0.684 29 2.31
276 14.076 0.703781 0.00163749 1.60672e-06 0.703779 2.574 0.8512 29 2.31
45 2.295 0.121799 0.00372671 3.89158e-05 0.12176 2.581 1.0488 66 2.31
63 3.213 0.167149 0.00248447 1.6732e-05 0.167132 2.588 1.2502 44 2.31
41 2.091 0.111722 0.00287973 2.37905e-05 0.111698 2.596 1.4516 51 2.31
51 2.601 0.136916 0.00248447 1.6732e-05 0.136899 2.604 1.6226 44 2.46
57 2.907 0.152032 0.00163749 1.60672e-06 0.152031 2.613 1.7518 29 2.46
59 3.009 0.157071 0.000846979 -1.25102e-05 0.157083 2.618 1.8088 15 2.46
75 3.825 0.197381 0.000846979 -1.25102e-05 0.197394 2.623 1.843 15 2.46
57 2.907 0.152032 0.000846979 -1.25102e-05 0.152045 2.627 1.8734 15 2.46
20 1.02 0.0588143 0.000395257 -2.05771e-05 0.0588349 2.631 1.8924 7 2.46
16 0.816 0.0487367 0.000395257 -2.05771e-05 0.0487573 2.636 1.9076 7 3.435
12 0.612 0.0386591 0 -2.76355e-05 0.0386867 2.64 1.9114 0 3.435
68 3.468 0.901105 0 0 0.901105 2.645 1.9114 0 3.435
177 9.027 1.17572 0 0 1.17572 2.652 1.9152 0 3.435
178 9.078 1.17824 0.000395257 7.05847e-06 1.17823 2.656 1.9342 7 3.435
177 9.027 1.17572 0.000846979 1.51253e-05 1.1757 2.66 1.9608 15 3.435
180 9.18 1.18328 0.000846979 1.51253e-05 1.18326 2.664 1.9912 15 3.435
192 9.792 1.21351 0.000846979 1.51253e-05 1.2135 2.67 2.0368 15 3.705
195 9.945 1.22107 0.000846979 1.51253e-05 1.22105 2.675 2.0938 15 3.705
177 9.027 1.17572 0.00208922 3.73091e-05 1.17568 2.68 2.2078 37 3.705
183 9.333 1.19084 0.00248447 4.43675e-05 1.19079 2.684 2.2914 44 3.705
34 1.734 0.815445 0.00372671 6.65513e-05 0.815379 2.69 2.4738 66 3.705
156 7.956 1.12281 0.00287973 5.1426e-05 1.12276 2.695 2.584 51 3.705
1038 52.938 4.85051 0.00248447 -4.23287e-06 4.85051 2.701 2.7664 44 3.705
-24 -1.224 2.17491 0.00287973 2.82561e-06 2.1749 2.706 2.8766 51 4.62
102 5.202 2.49235 0.00163749 -1.93582e-05 2.49237 2.714 3.0096 29 4.62
36 1.836 2.32607 0.000846979 -3.34751e-05 2.3261 2.719 3.0514 15 4.62
18 0.918 2.28072 0.00124224 -2.64166e-05 2.28075 2.725 3.1122 22 4.62
35 1.785 2.32355 0.000846979 -3.34751e-05 2.32358 2.729 3.1502 15 4.62
576 29.376 4.45781 0.000846979 8.3106e-07 4.45781 2.734 3.1844 15 4.62
211 10.761 3.53823 0.00124224 7.88953e-06 3.53822 2.739 3.2338 22 4.68
105 5.355 3.27117 0.00208922 2.30148e-05 3.27115 2.743 3.3364 37 4.68
159 8.109 3.40722 0.00333145 4.51986e-05 3.40718 2.748 3.458 59 4.68
176 8.976 3.45005 0.00287973 3.71318e-05 3.45001 2.752 3.572 51 4.68
1005 51.255 6.81309 0.00333145 1.08924e-05 6.81308 2.757 3.7506 59 4.68
14 0.714 4.31637 0.00412196 2.50094e-05 4.31634 2.763 3.9178 73 4.68
61 3.111 4.43478 0.00208922 -1.12913e-05 4.43479 2.768 4.009 37 4.68
12 0.612 4.31133 0.00163749 -1.93582e-05 4.31135 2.773 4.0736 29 4.68
108 5.508 4.55319 0.00124224 -2.64166e-05 4.55322 2.777 4.1192 22 4.71
119 6.069 4.5809 0.000846979 -3.34751e-05 4.58094 2.783 4.1496 15 4.71
35 1.785 4.36927 0.000846979 -3.34751e-05 4.36931 2.787 4.1686 15 4.71
35 1.785 4.36927 0 -4.86004e-05 4.36932 2.791 4.18 0 4.71
22 1.122 4.33652 0 -4.86004e-05 4.33657 2.796 4.1914 0 4.71
101 5.151 4.53555 0 -4.86004e-05 4.5356 2.801 4.1952 0 4.71
113 5.763 5.39384 0 0 5.39384 2.81 4.199 0 4.74
106 5.406 5.8277 0 0 5.8277 2.816 4.2066 0 4.74
-2 -0.102 5.69588 0.00124224 2.21838e-05 5.69586 2.965 4.7652 22 5.7
11 0.561 4.7904 0.000846979 -5.83958e-06 4.79041 2.976 4.8526 15 5.715
32 1.632 3.54108 0 -1.42942e-05 3.54109 3.02 4.8564 0 5.685
38 1.938 2.5286 0 0 2.5286 3.046 4.8564 0 5.655
11 0.561 1.84474 0 0 1.84474 3.082 4.8564 0 5.565
-15 -0.765 1.26655 0 0 1.26655 3.115 4.8602 0 5.55
31 1.581 0.769969 0.000395257 7.05847e-06 0.769962 3.148 4.864 7 5.535
24 1.224 0.559511 0 -6.67064e-06 0.559518 3.182 4.864 0 5.535
38 1.938 0.643182 0 0 0.643182 3.653 4.864 0 5.535
38 1.938 0.90372 0 0 0.90372 3.681 4.864 0 5.535
38 1.938 1.23242 0 0 1.23242 3.816 4.864 0 5.52
45 2.295 1.54626 0 0 1.54626 3.849 4.864 0 5.52
38 1.938 1.80856 0 0 1.80856 3.886 4.8678 0 5.58
97 4.947 2.12532 0 0 2.12532 3.918 4.8678 0 5.61
31 1.581 2.51907 0 0 2.51907 3.954 4.8716 0 5.625
52 2.652 2.74031 0 0 2.74031 3.987 4.8716 0 5.64
45 2.295 2.7574 0 0 2.7574 4.021 4.8716 0 5.64
31 1.581 2.65596 0 0 2.65596 4.086 4.8716 0 5.67
45 2.295 2.46501 0 0 2.46501 4.246 4.8716 0 6.825
45 2.295 2.30446 0 0 2.30446 4.257 4.8716 0 6.855
32 1.632 2.19271 0 0 2.19271 4.267 4.8716 0 6.855
31 1.581 2.05829 0 0 2.05829 4.294 4.8754 0 6.945
44 2.244 1.93461 0 0 1.93461 4.332 4.8792 0 8.355
64 3.264 1.985 0.000395257 7.05847e-06 1.98499 4.342 4.8906 7 8.355
72 3.672 2.00515 0 0 2.00515 4.351 4.8982 0 8.355
78 3.978 2.02027 0.000395257 7.05847e-06 2.02026 4.359 4.9172 7 10.23
91 4.641 2.05302 0.000395257 7.05847e-06 2.05301 4.367 4.9362 7 10.23
125 6.375 2.13868 0.000395257 7.05847e-06 2.13867 4.375 4.9628 7 10.23
147 7.497 2.19411 0.000395257 7.05847e-06 2.1941 4.383 4.997 7 10.23
143 7.293 2.18403 0.000395257 7.05847e-06 2.18402 4.391 5.0502 7 10.23
167 8.517 2.2445 0.000846979 1.51253e-05 2.24448 4.4 5.1262 15 12.3
168 8.568 2.24701 0.00124224 2.21838e-05 2.24699 4.408 5.2402 22 12.3
152 7.752 2.2067 0.00248447 4.43675e-05 2.20666 4.418 5.4568 44 12.3
115 5.865 2.11349 0.00372671 6.65513e-05 2.11342 4.427 5.7836 66 13.905
61 3.111 1.97744 0.00457369 8.16766e-05 1.97736 4.435 6.1864 81 13.905
118 6.018 2.12104 0.00412196 7.36098e-05 2.12097 4.444 6.4828 73 13.905
109 5.559 2.09837 0.00457369 8.16766e-05 2.09829 4.455 6.916 81 13.905
142 7.242 2.68788 0.00163749 -4.79466e-05 2.68793 4.467 7.2884 29 13.965
146 7.446 2.69796 0.00287973 -2.57629e-05 2.69798 4.475 7.5696 51 13.965
201 10.251 3.96776 0.000395257 -4.15419e-05 3.9678 4.486 7.8698 7 13.965
120 6.12 3.76369 0.0053642 4.71932e-05 3.76364 4.494 8.2422 95 13.965
46 2.346 3.57725 0.00457369 3.30762e-05 3.57722 4.5 8.5082 81 13.965
84 4.284 3.67299 0.00412196 2.50094e-05 3.67296 4.504 8.702 73 13.965
122 6.222 3.76873 0.00372671 1.79509e-05 3.76871 4.511 8.8882 66 13.965
98 4.998 3.70826 0.00412196 2.50094e-05 3.70823 4.515 9.0554 73 13.965
50 2.55 3.58733 0.00287973 2.82561e-06 3.58733 4.519 9.177 51 13.965
100 5.1 3.7133 0.00333145 1.08924e-05 3.71329 4.524 9.3176 59 13.965
70 3.57 3.63772 0.00208922 -1.12913e-05 3.63773 4.528 9.4012 37 14.04
70 3.57 3.63772 0.00287973 2.82561e-06 3.63771 4.532 9.4962 51 14.04
67 3.417 3.63016 0.00208922 -1.12913e-05 3.63017 4.536 9.5722 37 14.04
84 4.284 3.67299 0.00163749 -1.93582e-05 3.67301 4.54 9.633 29 14.04
78 3.978 3.65787 0.00124224 -2.64166e-05 3.6579 4.544 9.6862 22 14.04
86 4.386 3.67803 0.000846979 -3.34751e-05 3.67806 4.548 9.7204 15 14.04
98 4.998 3.70826 0.000395257 -4.15419e-05 3.7083 4.552 9.7356 7 14.04
97 4.947 3.70574 0 -4.86004e-05 3.70579 4.556 9.7432 0 14.04
147 7.497 3.83171 0 -4.86004e-05 3.83176 4.561 9.747 0 14.04
103 5.253 3.72086 0 -4.86004e-05 3.72091 4.565 9.747 0 14.745
159 8.109 4.76087 0 0 4.76087 4.574 9.7432 0 14.745
220 11.22 4.91456 0 0 4.91456 4.578 9.747 0 14.745
218 11.118 4.90952 0.000395257 7.05847e-06 4.90951 4.584 9.766 7 14.745
222 11.322 4.91959 0.000395257 7.05847e-06 4.91959 4.589 9.7812 7 14.745
217 11.067 4.907 0.000846979 1.51253e-05 4.90698 4.593 9.8116 15 14.745
226 11.526 4.92967 0.000846979 1.51253e-05 4.92966 4.598 9.8534 15 14.94
228 11.628 4.93471 0.00124224 2.21838e-05 4.93469 4.603 9.9066 22 14.94
203 10.353 4.87173 0.00208922 3.73091e-05 4.87169 4.607 10.0016 37 14.94
408 20.808 6.76848 0.00248447 9.10842e-06 6.76847 4.613 10.1004 44 14.94
88 4.488 5.96227 0.00287973 1.61669e-05 5.96225 4.618 10.26 51 14.94
65 3.315 5.90432 0.00208922 2.04995e-06 5.90432 4.622 10.3284 37 14.94
96 4.896 5.98242 0.00208922 2.04995e-06 5.98242 4.627 10.412 37 14.94
87 4.437 5.95975 0.00163749 -6.01688e-06 5.95976 4.631 10.4728 29 14.94
72 3.672 5.92196 0.00124224 -1.30754e-05 5.92197 4.635 10.5184 22 14.925
160 8.16 6.52919 0.000846979 -5.83958e-06 6.5292 4.64 10.5564 15 14.925
77 3.927 6.32008 0.000846979 -5.83958e-06 6.32009 4.644 10.583 15 14.925
84 4.284 6.33772 0.000395257 -1.39064e-05 6.33773 4.649 10.602 7 14.925
129 6.579 6.21209 0 -6.67064e-06 6.2121 4.673 10.6362 0 14.91
129 6.579 6.11003 0 0 6.11003 4.704 10.6514 0 14.91
129 6.579 6.15279 0 0 6.15279 4.742 10.659 0 14.895
129 6.579 6.25624 0 0 6.25624 4.874 10.6742 0 14.685
123 6.273 6.35308 0 0 6.35308 4.884 10.6742 0 14.685
123 6.273 6.39733 0 0 6.39733 4.909 10.678 0 14.685
123 6.273 6.3926 0 0 6.3926 4.979 10.6818 0 14.835
142 7.242 6.44047 0 0 6.44047 4.987 10.6894 0 14.835
115 5.865 6.50235 0 0 6.50235 5.011 10.7046 0 14.82
142 7.242 6.57038 0 0 6.57038 5.019 10.7084 0 14.82
135 6.885 6.74624 0 0 6.74624 5.048 10.7084 0 14.88
135 6.885 6.87393 0 0 6.87393 5.081 10.7122 0 14.91
141 7.191 6.95083 0 0 6.95083 5.114 10.7122 0 14.94
142 7.242 7.02105 0 0 7.02105 5.146 10.7122 0 14.97
135 6.885 7.0767 0 0 7.0767 5.183 10.7122 0 15.945
142 7.242 7.09433 0 0 7.09433 5.191 10.7198 0 15.945
128 6.528 7.05906 0 0 7.05906 5.2 10.7312 0 15.945
161 8.211 7.1422 0 0 7.1422 5.208 10.7426 0 16.125
176 8.976 7.17999 0.000395257 7.05847e-06 7.17999 5.216 10.7616 7 16.125
188 9.588 7.21023 0.000395257 7.05847e-06 7.21022 5.224 10.7844 7 16.125
206 10.506 7.25558 0.000395257 7.05847e-06 7.25557 5.232 10.8186 7 16.125
233 11.883 7.3236 0.000846979 1.51253e-05 7.32359 5.239 10.8718 15 16.125
193 9.843 7.22282 0.00163749 2.92422e-05 7.2228 5.249 11.0048 29 16.965
162 8.262 7.14472 0.00287973 5.1426e-05 7.14467 5.257 11.2594 51 16.965
128 6.528 7.05906 0.00333145 5.94928e-05 7.059 5.265 11.514 59 16.965
138 7.038 7.08426 0.00372671 6.65513e-05 7.08419 5.273 11.78 66 16.965
141 7.191 7.12151 0.00208922 -2.55856e-05 7.12154 5.283 12.1258 37 17.085
100 5.1 7.01822 0.00457369 1.8782e-05 7.0182 5.29 12.426 81 17.085
66 3.366 6.61613 0.00287973 -2.57629e-05 6.61615 5.3 12.8326 51 17.085
53 2.703 6.58337 0.00372671 -1.06376e-05 6.58338 5.308 13.1366 66 17.085
69 3.519 6.62368 0.00333145 -1.7696e-05 6.6237 5.314 13.3608 59 17.13
-52 -2.652 6.31884 0.00333145 -1.7696e-05 6.31885 5.318 13.4786 59 17.13
-52 -2.652 6.31884 0.00412196 -3.5791e-06 6.31884 5.323 13.6458 73 17.13
4 0.204 6.45992 0.00248447 -3.28213e-05 6.45996 5.328 13.7636 44 17.13
-42 -2.142 6.34403 0.00248447 -3.28213e-05 6.34406 5.332 13.851 44 17.13
-35 -1.785 6.36167 0.00163749 -4.79466e-05 6.36171 5.337 13.9118 29 17.13
-14 -0.714 6.41457 0.000846979 -6.20636e-05 6.41464 5.341 13.9346 15 17.13
163 8.313 5.44888 0 -1.42942e-05 5.44889 5.347 13.9422 0 17.16
0 0 5.03822 0 -1.42942e-05 5.03823 5.352 13.9422 0 17.16
67 3.417 3.51747 0 0 3.51747 5.358 13.9422 0 17.16
67 3.417 2.60195 0 0 2.60195 5.504 13.9612 0 21.57
164 8.364 2.84633 0 0 2.84633 5.51 13.965 0 21.57
178 9.078 2.8816 0.000395257 7.05847e-06 2.88159 5.515 13.9764 7 21.57
198 10.098 2.93199 0.000395257 7.05847e-06 2.93198 5.521 13.9992 7 21.57
179 9.129 2.88412 0.000395257 7.05847e-06 2.88411 5.526 14.0334 7 23.205
86 4.386 2.64982 0.000846979 1.51253e-05 2.6498 5.534 14.098 15 23.205
110 5.61 2.59082 0.000395257 -7.23577e-06 2.59083 5.541 14.1816 7 23.205
199 10.149 2.81505 0.00124224 7.88953e-06 2.81504 5.546 14.2576 22 23.205
159 8.109 2.71427 0.00248447 3.00733e-05 2.71424 5.552 14.3716 44 23.205
165 8.415 2.72939 0.00248447 3.00733e-05 2.72936 5.556 14.4894 44 23.745
147 7.497 2.68404 0.00372671 5.22571e-05 2.68399 5.562 14.6452 66 23.745
174 8.874 2.75206 0.00248447 3.00733e-05 2.75203 5.569 14.801 44 23.745
184 9.384 2.77726 0.00287973 3.71318e-05 2.77722 5.574 14.9454 51 23.745
102 5.202 2.57067 0.00333145 4.51986e-05 2.57062 5.582 15.162 59 23.745
94 4.794 2.55051 0.00333145 4.51986e-05 2.55047 5.589 15.4128 59 23.745
167 8.517 2.73443 0.00372671 5.22571e-05 2.73438 5.596 15.656 66 23.745
67 3.417 2.48249 0.0053642 8.14993e-05 2.48241 5.603 16.036 95 23.745
93 4.743 2.54799 0.00457369 6.73824e-05 2.54792 5.61 16.2944 81 23.745
79 4.029 2.87991 0.00457369 4.48773e-06 2.8799 5.621 16.7276 81 23.745
28 1.428 2.75142 0.00496894 1.15462e-05 2.75141 5.628 17.1304 88 23.73
72 3.672 2.86227 0.00496894 1.15462e-05 2.86226 5.636 17.4344 88 23.73
108 5.508 2.95297 0.00372671 -1.06376e-05 2.95298 5.644 17.6814 66 23.73
105 5.355 2.94541 0.00333145 -1.7696e-05 2.94543 5.652 17.9208 59 23.73
91 4.641 2.91014 0.00372671 -1.06376e-05 2.91015 5.661 18.1982 66 23.49
89 4.539 2.9051 0.00372671 -1.06376e-05 2.90511 5.668 18.4566 66 23.49
115 5.865 2.97061 0.00208922 -3.98798e-05 2.97065 5.676 18.6048 37 23.49
129 6.579 3.00588 0.00208922 -3.98798e-05 3.00592 5.685 18.7416 37 23.49
127 6.477 3.00084 0.00163749 -4.79466e-05 3.00089 5.694 18.8746 29 23.49
105 5.355 2.94541 0.00248447 -3.28213e-05 2.94544 5.703 19.0494 44 22.56
82 4.182 2.88747 0.00208922 -3.98798e-05 2.88751 5.711 19.228 37 22.56
53 2.703 2.8144 0.00248447 -3.28213e-05 2.81444 5.719 19.456 44 22.56
51 2.601 2.80936 0.00208922 -3.98798e-05 2.8094 5.727 19.589 37 22.56
67 3.417 2.84967 0.00163749 -4.79466e-05 2.84972 5.735 19.684 29 21.06
81 4.131 2.88495 0.000846979 -6.20636e-05 2.88501 5.743 19.7296 15 21.06
93 4.743 2.91518 0.000395257 -7.01304e-05 2.91525 5.751 19.741 7 21.06
99 5.049 2.9303 0 -7.71889e-05 2.93037 5.759 19.741 0 21.06
93 4.743 3.50089 0 0 3.50089 5.773 19.741 0 21.105
94 4.794 4.03586 0 0 4.03586 5.806 19.7448 0 21.18
102 5.202 4.45801 0 0 4.45801 5.838 19.7524 0 21.195
108 5.508 4.80075 0 0 4.80075 5.872 19.76 0 21.225
95 4.845 5.0554 0 0 5.0554 5.908 19.76 0 21.495
93 4.743 5.05036 0 0 5.05036 5.916 19.7638 0 21.495
115 5.865 5.10579 0 0 5.10579 5.924 19.7828 0 21.495
133 6.783 5.42823 0 0 5.42823 5.941 19.7942 0 21.495
101 5.151 5.34761 0.000395257 7.05847e-06 5.34761 5.95 19.8284 7 21.495
122 6.222 5.40052 0 0 5.40052 5.958 19.8246 0 21.495
116 5.916 5.3854 0 0 5.3854 5.966 19.8208 0 21.48
100 5.1 5.57991 0.000395257 7.05847e-06 5.5799 5.976 19.8284 7 21.48
107 5.457 5.63474 0 -6.67064e-06 5.63475 6.132 19.8322 0 23.94
116 5.916 5.65742 0 -6.67064e-06 5.65742 6.139 19.8398 0 24.36
146 7.446 5.77969 0 0 5.77969 6.145 19.8474 0 24.36
188 9.588 5.8855 0.000395257 7.05847e-06 5.88549 6.149 19.8588 7 24.36
198 10.098 5.91069 0.000395257 7.05847e-06 5.91069 6.153 19.874 7 24.36
200 10.2 5.91573 0.000846979 1.51253e-05 5.91572 6.158 19.893 15 24.36
411 20.961 7.20486 0.000395257 -7.23577e-06 7.20487 6.178 19.9196 7 25.08
190 9.69 6.64807 0.00124224 7.88953e-06 6.64807 6.182 19.969 22 25.08
189 9.639 6.64555 0.00124224 7.88953e-06 6.64555 6.186 20.0184 22 25.08
191 9.741 6.65059 0.00163749 1.4948e-05 6.65058 6.19 20.0754 29 25.08
596 30.396 8.65416 0.00163749 1.60672e-06 8.65416 6.212 20.425 29 25.17
12 0.612 7.18283 0.00333145 3.18573e-05 7.1828 6.216 20.5314 59 25.17
10 0.51 7.17779 0.00287973 2.37905e-05 7.17777 6.22 20.653 51 25.17
-14 -0.714 7.11733 0.00287973 2.37905e-05 7.1173 6.224 20.7556 51 25.17
15 0.765 7.19039 0.00208922 9.67354e-06 7.19038 6.228 20.843 37 25.17
-11 -0.561 7.12489 0.00208922 9.67354e-06 7.12488 6.232 20.9038 37 25.17
20 1.02 7.20299 0.000846979 -1.25102e-05 7.203 6.236 20.9228 15 25.17
52 2.652 7.28361 0 -2.76355e-05 7.28364 6.24 20.919 0 25.17
155 7.905 7.27844 0.000395257 -7.05847e-06 7.27845 6.248 20.8924 -7 26.175
183 9.333 7.34899 0 0 7.34899 6.252 20.9 0 26.175
149 7.599 7.26333 0.000395257 7.05847e-06 7.26332 6.258 20.919 7 26.175
176 8.976 7.33135 0.000395257 7.05847e-06 7.33134 6.262 20.938 7 26.175
186 9.486 7.35654 0 0 7.35654 6.267 20.9494 0 26.175
203 10.353 7.39937 0.000395257 7.05847e-06 7.39937 6.271 20.9608 7 26.175
205 10.455 7.40441 0.000395257 7.05847e-06 7.40441 6.276 20.9836 7 26.175
210 10.71 7.41701 0.000395257 7.05847e-06 7.417 6.28 21.0064 7 26.175
223 11.373 7.44976 0.000846979 1.51253e-05 7.44975 6.285 21.0368 15 27.57
223 11.373 7.44976 0.00163749 2.92422e-05 7.44973 6.289 21.1052 29 27.57
191 9.741 7.36914 0.00208922 3.73091e-05 7.3691 6.295 21.204 37 27.57
847 43.197 9.17996 0.00248447 9.10842e-06 9.17995 6.301 21.3484 44 27.57
172 8.772 7.47936 0.00412196 3.83507e-05 7.47932 6.306 21.489 73 27.57
168 8.568 7.46928 0.00457369 4.64175e-05 7.46924 6.31 21.6942 81 27.57
96 4.896 7.28789 0.00581592 6.86013e-05 7.28782 6.315 21.9374 103 28.245
1027 52.377 9.35966 0.00163749 -6.89115e-05 9.35973 6.322 22.1312 29 28.245
111 5.661 7.05189 0.00333145 -3.86609e-05 7.05193 6.329 22.2908 59 28.245
42 2.142 6.87805 0.00333145 -3.86609e-05 6.87809 6.333 22.4846 59 28.245
51 2.601 6.90072 0.00287973 -4.67278e-05 6.90077 6.338 22.6404 51 28.245
50 2.55 6.8982 0.00287973 -4.67278e-05 6.89825 6.343 22.7886 51 28.245
33 1.683 6.85537 0.00412196 -2.4544e-05 6.8554 6.348 22.9292 73 28.245
23 1.173 6.83018 0.00372671 -3.16025e-05 6.83021 6.352 23.0964 66 28.305
18 0.918 6.81758 0.00333145 -3.86609e-05 6.81762 6.356 23.1952 59 28.305
246 12.546 6.19624 0.00208922 -1.89149e-05 6.19626 6.361 23.2788 37 28.305
52 2.652 5.70748 0.00208922 -1.89149e-05 5.70749 6.365 23.3434 37 28.305
89 4.539 5.80069 0.00124224 -3.40402e-05 5.80073 6.37 23.3966 22 28.305
103 5.253 5.83596 0.000846979 -4.10987e-05 5.83601 6.375 23.4384 15 28.305
58 2.958 5.72259 0.000846979 -4.10987e-05 5.72263 6.38 23.4802 15 28.305
65 3.315 5.74023 0.00124224 -3.40402e-05 5.74026 6.385 23.5372 22 28.305
34 1.734 5.66213 0.000846979 -4.10987e-05 5.66217 6.391 23.5866 15 29.4
86 4.386 4.42337 0.000395257 -7.23577e-06 4.42338 6.398 23.6284 7 29.4
127 6.477 4.52667 0 -1.42942e-05 4.52668 6.403 23.6474 0 29.4
127 6.477 4.52667 0.000395257 -7.23577e-06 4.52667 6.411 23.674 7 29.4
192 9.792 4.69043 0.000846979 8.3106e-07 4.69043 6.415 23.7158 15 29.4
130 6.63 4.53422 0.000846979 8.3106e-07 4.53422 6.42 23.7728 15 30.6
111 5.661 4.48636 0.00124224 7.88953e-06 4.48635 6.425 23.8488 22 30.6
119 6.069 4.50651 0.00124224 7.88953e-06 4.5065 6.43 23.9248 22 30.6
126 6.426 4.52415 0.00208922 2.30148e-05 4.52412 6.435 24.035 37 30.6
71 3.621 4.38558 0.00287973 3.71318e-05 4.38554 6.44 24.1718 51 30.6
77 3.927 4.4007 0.00333145 4.51986e-05 4.40065 6.445 24.3238 59 30.6
198 10.098 4.70554 0.00248447 3.00733e-05 4.70551 6.449 24.396 44 30.6
170 8.67 4.635 0.00124224 7.88953e-06 4.63499 6.454 24.4682 22 30.735
881 44.931 6.39 0.00124224 1.21889e-06 6.38999 6.46 24.5328 22 30.735
124 6.324 4.48281 0.00248447 2.34027e-05 4.48279 6.465 24.6392 44 30.735
115 5.865 4.46013 0.00287973 3.04611e-05 4.4601 6.47 24.7798 51 30.735
111 5.661 4.45006 0.00287973 3.04611e-05 4.45003 6.475 24.9014 51 30.735
110 5.61 4.44754 0.00208922 1.63442e-05 4.44752 6.48 25.0078 37 30.735
103 5.253 4.4299 0.00248447 2.34027e-05 4.42988 6.485 25.1104 44 30.75
94 4.794 4.40723 0.00208922 1.63442e-05 4.40721 6.491 25.2054 37 30.75
61 3.111 4.32409 0.00248447 2.34027e-05 4.32406 6.497 25.3612 44 30.75
87 4.437 4.38959 0.00124224 1.21889e-06 4.38959 6.503 25.4296 22 30.75
98 4.998 4.41731 0.000846979 -5.83958e-06 4.41731 6.51 25.4638 15 30.75
126 6.426 4.48785 0 -2.09649e-05 4.48787 6.518 25.4676 0 30.75
126 6.426 4.91071 0.000395257 -7.05847e-06 4.91072 6.528 25.4638 -7 30.735
116 5.916 4.88552 0 0 4.88552 6.536 25.4752 0 30.735
121 6.171 5.31595 0 0 5.31595 6.546 25.4714 0 30.735
120 6.12 5.67434 0 0 5.67434 6.564 25.4752 0 30.72
114 5.814 5.91985 0 0 5.91985 6.596 25.4752 0 30.705
115 5.865 6.0326 0 0 6.0326 6.76 25.479 0 30.69
116 5.916 6.0521 0 0 6.0521 6.771 25.4828 0 30.705
123 6.273 6.04841 0 0 6.04841 6.994 25.4866 0 30.75
152 7.752 6.14527 0 0 6.14527 7.028 25.4866 0 30.75
116 5.916 6.34418 0 0 6.34418 7.059 25.4904 0 30.78
106 5.406 6.41874 0 0 6.41874 7.092 25.4904 0 30.81
116 5.916 6.30323 0 0 6.30323 7.202 25.4942 0 31.98
215 10.965 6.55265 0 0 6.55265 7.208 25.498 0 31.98
223 11.373 6.57281 0 0 6.57281 7.213 25.5056 0 31.98
130 6.63 6.3385 0.000395257 7.05847e-06 6.3385 7.22 25.5246 7 31.98
253 12.903 6.64839 0.000395257 7.05847e-06 6.64838 7.226 25.536 7 31.98
257 13.107 6.65847 0.000395257 7.05847e-06 6.65846 7.232 25.5588 7 32.97
264 13.464 6.6761 0.000846979 1.51253e-05 6.67609 7.238 25.6044 15 32.97
273 13.923 6.69878 0.000846979 1.51253e-05 6.69876 7.243 25.65 15 32.97
149 7.599 6.38637 0.00208922 3.73091e-05 6.38633 7.251 25.7868 37 32.97
159 8.109 6.41157 0.00208922 3.73091e-05 6.41153 7.256 25.9008 37 32.97
216 11.016 6.55517 0.00287973 5.1426e-05 6.55512 7.41 26.0376 51 34.125
167 8.517 6.43172 0.00163749 2.92422e-05 6.43169 7.419 30.3734 29 35.055
168 8.568 6.69773 0.000395257 -2.05771e-05 6.69775 7.428 30.59 7 35.055
-8 -0.408 6.25431 0.00412196 4.59743e-05 6.25427 7.435 30.837 73 35.295
104 5.304 6.53649 0.00287973 2.37905e-05 6.53646 7.444 31.0308 51 35.295
126 6.426 6.59191 0.00208922 9.67354e-06 6.5919 7.452 31.1866 37 35.295
141 7.191 6.6297 0.00163749 1.60672e-06 6.6297 7.459 31.3158 29 35.295
106 5.406 6.54152 0.00208922 9.67354e-06 6.54152 7.467 31.4678 37 35.295
92 4.692 6.50625 0.00248447 1.6732e-05 6.50624 7.475 31.6426 44 36.15
-33 -1.683 6.19133 0.00208922 9.67354e-06 6.19132 7.483 31.8364 37 36.15
38 1.938 6.37021 0.00248447 1.6732e-05 6.37019 7.492 32.0302 44 36.15
64 3.264 6.43571 0.000846979 -1.25102e-05 6.43572 7.501 32.0986 15 36.165
111 5.661 6.55412 0 -2.76355e-05 6.55415 7.509 32.0986 0 36.165
90 4.59 6.50121 0 -2.76355e-05 6.50124 7.517 32.0986 0 36.165
98 4.998 6.3694 0 0 6.3694 7.613 32.1024 0 36.18
86 4.386 5.98367 0 0 5.98367 7.645 32.1024 0 36.15
98 4.998 5.54289 0 0 5.54289 7.678 32.1024 0 36.12
97 4.947 5.19084 0 0 5.19084 7.714 32.1062 0 36.15
110 5.61 5.00876 0 0 5.00876 7.744 32.1062 0 36.15
90 4.59 4.95654 0 0 4.95654 8.064 32.1138 0 36.255
96 4.896 4.92365 0 0 4.92365 8.071 32.1138 0 36.255
111 5.661 4.92417 0 0 4.92417 8.078 32.1138 0 36.27
84 4.284 4.96329 0 0 4.96329 8.117 32.1176 0 38.49
192 9.792 5.23539 0 0 5.23539 8.124 32.1442 0 38.49
167 8.517 5.1724 0.000846979 1.51253e-05 5.17239 8.132 32.2354 15 38.49
160 8.16 5.15477 0.00248447 4.43675e-05 5.15472 8.14 32.433 44 38.49
161 8.211 5.15728 0.00457369 8.16766e-05 5.1572 8.148 32.756 81 39.945
410 20.91 6.37265 0.00248447 -3.28213e-05 6.37268 8.159 33.1664 44 39.945
157 8.007 5.73524 0.00581592 2.66715e-05 5.73521 8.167 33.649 103 39.945
133 6.783 5.67477 0.00705816 4.88553e-05 5.67472 8.175 34.0746 125 39.945
115 5.865 5.62942 0.00705816 4.88553e-05 5.62937 8.182 34.5724 125 41.445
111 5.661 5.61934 0.00705816 4.88553e-05 5.6193 8.19 35.0398 125 41.445
89 4.539 5.56392 0.00745342 5.59137e-05 5.56386 8.198 35.5376 132 41.445
78 3.978 5.5362 0.00660644 4.07884e-05 5.53616 8.206 35.9822 117 41.445
86 4.386 5.55636 0.00581592 2.66715e-05 5.55633 8.215 36.404 103 43.095
88 4.488 5.5614 0.00496894 1.15462e-05 5.56139 8.224 36.8334 88 43.095
149 7.599 5.87864 0.000846979 -6.87342e-05 5.87871 8.234 37.2362 15 43.095
124 6.324 5.81565 0.00412196 -1.02497e-05 5.81566 8.243 37.5212 73 43.095
144 7.344 5.86604 0.00372671 -1.73082e-05 5.86606 8.251 37.7796 66 44.1
129 6.579 5.82825 0.00372671 -1.73082e-05 5.82827 8.26 38.0228 66 44.1
146 7.446 5.87108 0.00333145 -2.43667e-05 5.87111 8.268 38.2584 59 44.1
152 7.752 5.8862 0.00248447 -3.9492e-05 5.88624 8.276 38.4408 44 44.1
203 10.353 6.01469 0.00124224 -6.16758e-05 6.01475 8.284 38.5206 22 44.415
223 11.373 6.06507 0.000846979 -6.87342e-05 6.06514 8.292 38.5852 15 44.415
205 10.455 6.01973 0.00163749 -5.46173e-05 6.01978 8.3 38.684 29 44.415
192 9.792 5.98697 0.00208922 -4.65505e-05 5.98702 8.309 38.8474 37 44.415
138 7.038 5.85093 0.00287973 -3.24335e-05 5.85096 8.317 39.0374 51 44.415
128 6.528 6.07153 0.00163749 -1.93582e-05 6.07154 8.327 39.2768 29 44.67
96 4.896 5.9909 0.00372671 1.79509e-05 5.99089 8.335 39.4858 66 44.67
168 8.568 6.1723 0.000395257 -4.15419e-05 6.17234 8.343 39.5238 7 44.67
211 10.761 6.83091 0.000395257 -1.37291e-05 6.83092 8.354 39.5048 -7 45.015
195 9.945 7.77236 0 6.67064e-06 7.77235 8.364 39.5124 0 45.015
198 10.098 7.77992 0.000395257 1.37291e-05 7.7799 8.372 39.5276 7 45.015
206 10.506 8.74271 0.000395257 3.87828e-07 8.7427 8.394 39.5504 7 45.165
179 9.129 8.67468 0.000846979 8.45465e-06 8.67467 8.402 39.5922 15 45.165
202 10.302 8.73263 0 -6.67064e-06 8.73263 8.41 39.5998 0 45.165
196 9.996 8.71751 0.000395257 3.87828e-07 8.71751 8.418 39.6036 7 45.165
195 9.945 9.41875 0 -6.67064e-06 9.41875 8.428 39.5998 0 45.18
187 9.537 9.83811 0 0 9.83811 8.465 39.6036 0 45.06
175 8.925 9.80787 0 0 9.80787 8.474 39.6036 0 45.06
183 9.333 9.88772 0 0 9.88772 8.501 39.6074 0 43.98
161 8.211 9.83229 0 0 9.83229 8.51 39.5998 0 43.98
161 8.211 9.83229 0 0 9.83229 8.518 39.5922 0 43.98
137 6.987 9.77183 0 0 9.77183 8.527 39.577 0 44.025
93 4.743 9.66097 0 0 9.66097 8.535 39.5542 0 44.025
100 5.1 9.67861 0.000395257 -7.05847e-06 9.67862 8.543 39.5276 -7 44.025
72 3.672 9.60807 0 0 9.60807 8.552 39.5124 0 44.025
35 1.785 9.51485 0 0 9.51485 8.71 39.501 0 44.025
-181 -9.231 8.97066 0.00208922 -3.73091e-05 8.9707 8.715 37.7036 -37 44.025
-95 -4.845 9.18733 0.00208922 -3.73091e-05 9.18736 8.72 37.5972 -37 44.025
-87 -4.437 9.20748 0.00208922 -3.73091e-05 9.20752 8.724 37.5288 -37 44.025
-1238 -63.138 3.98169 0.00248447 -9.10842e-06 3.9817 8.732 37.354 -44 44.1
19 0.969 7.14858 0.00287973 -1.61669e-05 7.14859 8.737 37.2134 -51 44.1
38 1.938 7.19645 0.00333145 -2.42337e-05 7.19647 8.742 37.0842 -59 44.1
18 0.918 7.14606 0.00163749 6.01688e-06 7.14605 8.747 36.9968 -29 44.1
9 0.459 7.12338 0.00163749 6.01688e-06 7.12338 8.752 36.917 -29 44.1
12 0.612 7.13094 0.00163749 6.01688e-06 7.13094 8.757 36.8486 -29 44.1
0 0 7.10071 0.00124224 1.30754e-05 7.1007 8.762 36.7954 -22 44.355
-106 -5.406 6.83365 0.00124224 1.30754e-05 6.83364 8.766 36.7536 -22 44.355
-2 -0.102 7.09567 0.000846979 2.01338e-05 7.09565 8.771 36.7004 -15 44.355
-89 -4.539 6.87648 0.000846979 2.01338e-05 6.87646 8.775 36.6624 -15 44.355
-88 -4.488 6.879 0.000846979 2.01338e-05 6.87898 8.779 36.6396 -15 44.355
-10 -0.51 7.07552 0.000395257 2.82006e-05 7.07549 8.784 36.6282 -7 44.355
-2 -0.102 7.09567 0 3.52591e-05 7.09564 8.79 36.6244 0 44.355
-17 -0.867 4.41094 0 0 4.41094 8.795 36.6244 0 44.355
3 0.153 4.46133 0 0 4.46133 8.801 36.6244 0 45.57
195 9.945 2.82191 0 0 2.82191 8.808 36.6244 0 45.57
39 1.989 2.42889 0.000395257 7.05847e-06 2.42888 8.813 36.632 7 45.57
45 2.295 2.444 0 0 2.444 8.819 36.6396 0 45.57
76 3.876 2.5221 0 0 2.5221 8.824 36.6434 0 45.57
4 0.204 2.34071 0 0 2.34071 8.831 36.6548 0 45.675
18 0.918 2.37598 0.000395257 7.05847e-06 2.37597 8.836 36.6662 7 45.675
123 6.273 2.64051 0.000395257 7.05847e-06 2.64051 8.842 36.689 7 45.675
57 2.907 2.47423 0.000395257 7.05847e-06 2.47423 8.849 36.7346 7 45.675
70 3.57 2.50699 0.000846979 1.51253e-05 2.50697 8.857 36.7954 15 45.675
83 4.233 2.53974 0.00124224 2.21838e-05 2.53972 8.864 36.8752 22 45.675
85 4.335 2.54478 0.00163749 2.92422e-05 2.54475 8.872 37.0044 29 46.755
131 6.681 1.89234 0.000846979 -1.25102e-05 1.89236 8.882 37.1488 15 46.755
85 4.335 1.77645 0.00248447 1.6732e-05 1.77643 8.89 37.3198 44 46.755
109 5.559 1.83692 0.00208922 9.67354e-06 1.83691 8.899 37.4604 37 47.94
133 6.783 1.89738 0.00124224 -5.45176e-06 1.89739 8.906 37.5516 22 47.94
136 6.936 1.90494 0.00124224 -5.45176e-06 1.90495 8.914 37.6732 22 47.94
115 5.865 1.85203 0.00163749 1.60672e-06 1.85203 8.923 37.7986 29 47.94
115 5.865 1.85203 0.00208922 9.67354e-06 1.85202 8.93 37.9316 37 47.94
115 5.865 1.85203 0.00124224 -5.45176e-06 1.85204 8.938 38.0266 22 47.97
121 6.171 1.86715 0.000846979 -1.25102e-05 1.86716 8.946 38.1178 15 47.97
19 0.969 1.61017 0.00163749 1.60672e-06 1.61017 8.953 38.1976 29 47.97
129 6.579 1.8873 0.000846979 -1.25102e-05 1.88732 8.961 38.2546 15 47.97
126 6.426 1.87975 0.000846979 -1.25102e-05 1.87976 8.969 38.3078 15 48.315
6 0.306 1.57742 0.000395257 -2.05771e-05 1.57744 8.976 38.3382 7 48.315
127 6.477 1.88227 0 -2.76355e-05 1.88229 8.984 38.342 0 48.315
129 6.579 2.37314 0 0 2.37314 9.008 38.342 0 49.305
127 6.477 2.3681 0 0 2.3681 9.016 38.3496 0 49.305
147 7.497 2.41849 0.000395257 7.05847e-06 2.41848 9.024 38.361 7 49.305
144 7.344 2.41093 0 0 2.41093 9.032 38.3762 0 49.305
154 7.854 2.43613 0 0 2.43613 9.04 38.3952 0 50.115
185 9.435 2.51423 0.000395257 7.05847e-06 2.51422 9.048 38.418 7 50.115
193 9.843 2.53438 0.000395257 7.05847e-06 2.53438 9.056 38.456 7 50.115
307 15.657 2.8216 0.000395257 7.05847e-06 2.82159 9.063 38.494 7 50.115
216 11.016 2.59233 0.000846979 1.51253e-05 2.59232 9.071 38.5624 15 50.13
204 10.404 2.5621 0.00163749 2.92422e-05 2.56207 9.079 38.6954 29 50.13
195 9.945 2.53942 0.00248447 4.43675e-05 2.53938 9.087 38.912 44 50.13
245 12.495 2.66539 0.00333145 5.94928e-05 2.66533 9.094 39.1514 59 50.13
148 7.548 4.44045 0.00287973 -4.79799e-06 4.44045 9.104 39.52 51 50.13
141 7.191 4.42281 0.00333145 3.26884e-06 4.42281 9.112 39.7556 59 51.15
142 7.242 4.42533 0.00248447 -1.18565e-05 4.42534 9.12 39.9266 44 51.15
91 4.641 4.29684 0.00163749 -2.69818e-05 4.29687 9.127 40.0444 29 51.15
168 8.568 4.49083 0.00208922 -1.89149e-05 4.49085 9.135 40.204 37 51.15
138 7.038 4.41525 0.00287973 -4.79799e-06 4.41526 9.144 40.432 51 52.875
98 4.998 4.31448 0.00333145 3.26884e-06 4.31447 9.152 40.641 59 52.875
153 7.803 4.45304 0.000846979 -4.10987e-05 4.45308 9.16 40.7018 15 52.875
198 10.098 4.56642 0.000395257 -6.32825e-05 4.56648 9.169 40.6866 -7 52.875
196 9.996 4.56138 0 -5.6224e-05 4.56143 9.176 40.6752 0 52.875
184 9.384 4.53114 0 -5.6224e-05 4.5312 9.185 40.679 0 53.49
182 9.282 4.52611 0 -5.6224e-05 4.52616 9.193 40.6752 0 53.49
172 8.772 6.48746 0 0 6.48746 9.217 40.6752 0 53.64
179 9.129 6.50509 0 0 6.50509 9.225 40.679 0 53.64
197 10.047 8.02041 0 0 8.02041 9.25 40.6866 0 53.73
188 9.588 9.07501 0 0 9.07501 9.287 40.6866 0 53.745
192 9.792 9.71093 0 0 9.71093 9.32 40.6828 0 53.655
174 8.874 9.66558 0 0 9.66558 9.328 40.6828 0 53.655
109 5.559 9.66066 0 0 9.66066 9.356 40.6828 0 53.535
105 5.355 8.99917 0 0 8.99917 9.386 40.6828 0 53.565
242 12.342 9.34433 0.000395257 -7.05847e-06 9.34433 9.39 40.679 -7 53.565
187 9.537 9.3104 0 6.67064e-06 9.31039 9.523 40.6866 0 53.565
184 9.384 9.46814 0 0 9.46814 9.588 40.6866 0 53.595
180 9.18 9.52242 0 0 9.52242 9.62 40.6866 0 53.64
182 9.282 9.49385 0 0 9.49385 9.654 40.6866 0 53.94
217 11.067 9.58203 0 0 9.58203 9.659 40.6866 0 53.94
231 11.781 9.6173 0 0 9.6173 9.664 40.6942 0 53.94
240 12.24 9.63998 0.000395257 7.05847e-06 9.63997 9.67 40.7018 7 53.94
305 15.555 10.2208 0.000395257 3.87828e-07 10.2208 9.689 40.7056 7 54.9
220 11.22 10.0067 0.000395257 3.87828e-07 10.0067 9.696 40.7512 7 54.9
227 11.577 10.0243 0.000846979 8.45465e-06 10.0243 9.703 40.8082 15 54.9
235 11.985 10.0444 0.000846979 8.45465e-06 10.0444 9.71 40.8652 15 54.9
272 13.872 10.1377 0.000846979 8.45465e-06 10.1377 9.717 40.945 15 54.9
226 11.526 10.0218 0.00163749 2.25716e-05 10.0217 9.725 41.1046 29 55.11
190 9.69 9.93107 0.00333145 5.28222e-05 9.93102 9.733 41.3554 59 55.11
141 7.191 9.80762 0.00333145 5.28222e-05 9.80757 9.741 41.6746 59 55.11
180 9.18 9.71608 0.00124224 -3.40402e-05 9.71612 9.752 42.028 22 55.11
176 8.976 9.706 0.00287973 -4.79799e-06 9.70601 9.76 42.237 51 56.07
150 7.65 9.6405 0.00333145 3.26884e-06 9.6405 9.769 42.4726 59 56.07
99 5.049 9.51201 0.00412196 1.73858e-05 9.51199 9.776 42.7804 73 56.07
79 4.029 9.46162 0.00372671 1.03273e-05 9.46161 9.785 43.0654 66 56.07
124 6.324 9.575 0.00208922 -1.89149e-05 9.57501 9.794 43.263 37 56.115
135 6.885 9.60271 0.00163749 -2.69818e-05 9.60274 9.801 43.3504 29 56.115
123 6.273 9.57248 0.00124224 -3.40402e-05 9.57251 9.809 43.4492 22 56.115
82 4.182 9.46918 0.00248447 -1.18565e-05 9.46919 9.817 43.6088 44 56.115
11 0.561 8.23017 0.00287973 9.49625e-06 8.23016 9.827 43.871 51 56.145
12 0.612 8.23269 0.00333145 1.75631e-05 8.23268 9.836 44.0838 59 56.145
63 3.213 8.36118 0.000395257 -3.48713e-05 8.36122 9.845 44.1142 7 56.145
90 4.59 6.92854 0 -6.67064e-06 6.92854 9.856 44.099 0 56.145
97 4.947 5.73035 0 0 5.73035 9.866 44.1028 0 56.145
89 4.539 4.96441 0 0 4.96441 9.897 44.1028 0 56.16
97 4.947 4.55388 0 0 4.55388 9.93 44.1028 0 56.445
83 4.233 4.51861 0 0 4.51861 9.938 44.1104 0 56.445
97 4.947 4.55388 0 0 4.55388 9.946 44.1104 0 56.445
116 5.916 4.60175 0 0 4.60175 9.954 44.118 0 56.445
123 6.273 4.6371 0.000395257 -7.05847e-06 4.63711 9.967 44.1218 -7 58.17
105 5.355 4.59175 0.000395257 7.05847e-06 4.59175 9.976 44.1636 7 58.17
155 7.905 4.71772 0.000395257 7.05847e-06 4.71772 9.986 44.1864 7 58.17
170 8.67 4.75552 0.000395257 7.05847e-06 4.75551 9.997 44.2472 7 58.275
155 7.905 4.71772 0.000846979 1.51253e-05 4.71771 10.005 44.308 15 58.275
176 8.976 4.77063 0.00124224 2.21838e-05 4.77061 10.013 44.3954 22 58.275
146 7.446 4.69505 0.00248447 4.43675e-05 4.69501 10.023 44.612 44 58.275
97 4.947 4.5716 0.00457369 8.16766e-05 4.57152 10.031 44.9122 81 58.305
28 1.428 4.39776 0.00496894 8.87351e-05 4.39767 10.039 45.3112 88 58.305
72 3.672 4.50861 0.00496894 8.87351e-05 4.50853 10.047 45.6076 88 58.305
95 4.845 4.56656 0.00412196 7.36098e-05 4.56649 10.056 45.9154 73 58.305
29 1.479 4.40028 0.00496894 8.87351e-05 4.40019 10.064 46.3296 88 58.305
82 4.182 4.53381 0.00457369 8.16766e-05 4.53373 10.072 46.6602 81 58.305
98 4.998 4.57412 0.00333145 5.94928e-05 4.57406 10.081 46.9832 59 58.305
69 3.519 4.50106 0.00581592 0.00010386 4.50095 10.089 47.443 103 58.305
56 2.856 4.4683 0.00621118 0.000110919 4.46819 10.097 47.8192 110 58.29
107 5.457 4.59679 0.00457369 8.16766e-05 4.59671 10.105 48.1992 81 58.29
117 5.967 4.81144 0.00163749 -4.79466e-05 4.81149 10.115 48.602 29 58.29
101 5.151 4.77113 0.00372671 -1.06376e-05 4.77114 10.123 48.9516 66 58.29
104 5.304 4.77869 0.00581592 2.66715e-05 4.77866 10.131 49.2632 103 58.26
115 5.865 4.8064 0.00457369 4.48773e-06 4.80639 10.137 49.4912 81 58.26
9 0.459 4.53934 0.00457369 4.48773e-06 4.53934 10.141 49.6774 81 58.26
36 1.836 4.60737 0.00287973 -2.57629e-05 4.60739 10.145 49.7876 51 58.26
120 6.12 4.819 0.00333145 -1.7696e-05 4.81901 10.15 49.9358 59 58.26
16 0.816 4.55698 0.00287973 -2.57629e-05 4.557 10.154 50.0612 51 58.26
4 0.204 4.52675 0.00333145 -1.7696e-05 4.52676 10.159 50.2018 59 58.26
3 0.153 4.52423 0.00248447 -3.28213e-05 4.52426 10.164 50.3538 44 58.245
-14 -0.714 4.4814 0.00248447 -3.28213e-05 4.48143 10.169 50.4716 44 58.245
-8 -0.408 4.49651 0.00333145 -1.7696e-05 4.49653 10.173 50.5818 59 58.245
-18 -0.918 4.47132 0.00208922 -3.98798e-05 4.47136 10.178 50.673 37 58.245
-3 -0.153 4.50911 0.00163749 -4.79466e-05 4.50916 10.183 50.749 29 58.245
-4 -0.204 4.50659 0.00208922 -3.98798e-05 4.50663 10.188 50.8326 37 58.245
1 0.051 4.51919 0.00124224 -5.50051e-05 4.51924 10.193 50.8972 22 58.245
-11 -0.561 4.48895 0.00163749 -4.79466e-05 4.489 10.198 50.958 29 58.245
-6 -0.306 4.50155 0.00163749 -4.79466e-05 4.5016 10.202 51.0112 29 58.245
-19 -0.969 4.4688 0.00124224 -5.50051e-05 4.46885 10.206 51.053 22 58.245
-17 -0.867 4.47384 0.000846979 -6.20636e-05 4.4739 10.21 51.0796 15 58.245
78 3.978 3.9101 0.000395257 -7.23577e-06 3.9101 10.217 51.11 7 58.245
61 3.111 3.37138 0.000395257 3.87828e-07 3.37138 10.233 51.167 7 58.23
58 2.958 3.09726 0.000395257 3.87828e-07 3.09726 10.267 51.3038 7 58.215
66 3.366 2.96593 0.000395257 3.87828e-07 2.96593 10.299 51.3266 7 58.185
67 3.417 2.96409 0 -6.67064e-06 2.96409 10.338 51.338 0 58.095
-13 -0.663 2.76254 0 -6.67064e-06 2.76254 10.344 51.3418 0 58.095
-13 -0.663 2.18667 0 0 2.18667 10.369 51.3494 0 58.095
60 3.06 2.37058 0 0 2.37058 10.374 51.3494 0 58.095
60 3.06 2.13533 0 0 2.13533 10.546 51.3608 0 58.065
51 2.601 2.1827 0 0 2.1827 10.573 51.3646 0 58.095
65 3.315 2.34553 0 0 2.34553 10.64 51.3684 0 58.11
52 2.652 2.54645 0 0 2.54645 10.672 51.3684 0 58.155
73 3.723 2.74841 0 0 2.74841 10.704 51.3684 0 58.185
59 3.009 2.94879 0 0 2.94879 10.742 51.3722 0 58.215
66 3.366 3.1087 0 0 3.1087 10.774 51.3722 0 59.115
54 2.754 3.07846 0.000395257 7.05847e-06 3.07846 10.782 51.3798 7 59.115
144 7.344 3.30521 0.000395257 7.05847e-06 3.3052 10.789 51.3874 7 59.115
86 4.386 3.15908 0 0 3.15908 10.798 51.4064 0 59.115
90 4.59 3.16916 0.000395257 7.05847e-06 3.16915 10.806 51.4444 7 60.345
103 5.253 3.20191 0.000395257 7.05847e-06 3.20191 10.814 51.5052 7 60.345
105 5.355 3.20695 0.000846979 1.51253e-05 3.20694 10.824 51.585 15 60.345
134 6.834 3.28001 0.000846979 1.51253e-05 3.28 10.832 51.6762 15 60.345
130 6.63 3.26994 0.00124224 2.21838e-05 3.26991 10.84 51.7712 22 60.36
139 7.089 3.29261 0.00124224 2.21838e-05 3.29259 10.848 51.87 22 60.36
180 9.18 4.10842 0.000395257 -1.39064e-05 4.10843 10.858 52.0258 7 60.36
120 6.12 3.95725 0.00248447 2.34027e-05 3.95723 10.866 52.231 44 60.36
75 3.825 3.84388 0.00333145 3.8528e-05 3.84384 10.874 52.4704 59 60.345
72 3.672 3.83632 0.00248447 2.34027e-05 3.8363 10.883 52.668 44 60.345
71 3.621 3.8338 0.00248447 2.34027e-05 3.83378 10.891 52.8732 44 60.345
83 4.233 3.86403 0.00208922 1.63442e-05 3.86402 10.899 52.9872 37 60.345
115 5.865 3.94466 0.000395257 -1.39064e-05 3.94467 10.907 53.0138 7 61.515
143 7.293 4.0152 0 -2.09649e-05 4.01522 10.918 53.01 0 61.515
124 6.324 3.96733 0 -2.09649e-05 3.96735 10.926 53.01 0 61.515
122 6.222 3.96229 0 -2.09649e-05 3.96231 10.934 53.01 0 61.515
134 6.834 3.99252 0 -2.09649e-05 3.99254 10.943 53.0062 0 61.56
134 6.834 4.90029 0 0 4.90029 10.953 53.0062 0 61.56
148 7.548 5.75033 0 0 5.75033 10.981 53.0062 0 62.535
143 7.293 5.73774 0 0 5.73774 10.988 53.0138 0 62.535
158 8.058 5.77553 0.000395257 7.05847e-06 5.77552 10.993 53.0252 7 62.535
219 11.169 5.92921 0 0 5.92921 10.997 53.0404 0 62.535
214 10.914 5.91662 0.000395257 7.05847e-06 5.91661 11.001 53.0594 7 62.535
213 10.863 5.9141 0.000846979 1.51253e-05 5.91408 11.005 53.086 15 62.535
229 11.679 5.95441 0.00124224 2.21838e-05 5.95438 11.009 53.124 22 63.57
204 10.404 5.89142 0.00124224 2.21838e-05 5.8914 11.014 53.181 22 63.57
200 10.2 5.88134 0.00208922 3.73091e-05 5.88131 11.018 53.2912 37 63.57
201 10.251 5.88386 0.00287973 5.1426e-05 5.88381 11.023 53.3938 51 63.57
122 6.222 5.68483 0.00412196 7.36098e-05 5.68476 11.028 53.5686 73 63.57
166 8.466 5.79568 0.00333145 5.94928e-05 5.79562 11.032 53.7282 59 63.57
811 41.361 8.29439 0.00248447 -1.18565e-05 8.2944 11.04 53.9144 44 63.57
100 5.1 12.6068 0.00372671 2.46215e-05 12.6068 11.213 54.853 66 65.895
20 1.02 12.4053 0.00412196 3.168e-05 12.4052 11.217 54.9974 73 65.895
79 4.029 12.5539 0.00248447 2.43778e-06 12.5539 11.222 55.1342 44 65.895
44 2.244 12.4657 0.00372671 2.46215e-05 12.4657 11.227 55.29 66 65.895
64 3.264 12.5161 0.00287973 9.49625e-06 12.5161 11.232 55.4154 51 65.895
71 3.621 12.5338 0.00208922 -4.6207e-06 12.5338 11.238 55.5028 37 65.895
50 2.55 12.4809 0.000846979 -2.68045e-05 12.4809 11.242 55.5522 15 65.895
537 27.387 15.6583 0.000846979 8.3106e-07 15.6583 11.248 55.5864 15 65.895
95 4.845 14.5447 0.00124224 7.88953e-06 14.5447 11.253 55.6434 22 65.88
79 4.029 14.5044 0.00124224 7.88953e-06 14.5044 11.258 55.7004 22 65.88
48 2.448 14.4263 0.00124224 7.88953e-06 14.4263 11.263 55.7536 22 65.88
48 2.448 14.4263 0.000846979 8.3106e-07 14.4263 11.268 55.7954 15 65.88
28 1.428 14.3759 0.000846979 8.3106e-07 14.3759 11.273 55.8258 15 65.88
81 4.131 12.9071 0.000395257 -7.23577e-06 12.9071 11.278 55.8372 7 65.88
87 4.437 10.3497 0 -6.67064e-06 10.3497 11.297 55.8448 0 65.865
93 4.743 7.95752 0 0 7.95752 11.336 55.8562 0 65.775
93 4.743 6.16304 0 0 6.16304 11.368 55.86 0 65.775
89 4.539 5.01413 0 0 5.01413 11.609 55.879 0 65.805
87 4.437 4.37562 0 0 4.37562 11.643 55.879 0 65.82
94 4.794 4.10467 0 0 4.10467 11.68 55.879 0 65.85
107 5.457 4.12587 0 0 4.12587 11.841 55.8828 0 67.245
164 8.364 4.50918 0 0 4.50918 11.847 55.8904 0 69.855
643 32.793 5.71598 0.000395257 7.05847e-06 5.71597 11.852 55.9056 7 70.44
648 33.048 5.72857 0.00124224 2.21838e-05 5.72855 11.857 55.9778 22 70.44
674 34.374 5.79408 0.00208922 3.73091e-05 5.79404 11.861 56.0614 37 70.44
683 34.833 5.81675 0.00412196 7.36098e-05 5.81668 11.866 56.2514 73 70.44
1865 95.115 13.8863 0.00621118 4.13536e-05 13.8862 11.871 56.4756 110 70.44
169 8.619 9.61335 0.00496894 1.91698e-05 9.61333 11.877 56.7036 88 70.44
-320 -16.32 8.38136 0.00457369 1.21113e-05 8.38135 11.881 56.9354 81 70.44
-389 -19.839 8.20753 0.00372671 -3.01398e-06 8.20753 11.886 57.1292 66 70.425
-430 -21.93 8.10423 0.00333145 -1.00725e-05 8.10424 11.891 57.2736 59 70.425
2 0.102 7.14959 0.00333145 3.26884e-06 7.14958 11.897 57.4104 59 70.425
115 5.865 4.49532 0 -5.6224e-05 4.49537 11.926 57.4864 0 71.58
184 9.384 4.66916 0 -5.6224e-05 4.66921 11.931 57.4864 0 71.58
130 6.63 4.53311 0 -5.6224e-05 4.53316 11.936 57.4978 0 71.58
231 11.781 4.78757 0.000395257 -4.91655e-05 4.78762 11.942 57.5054 7 71.58
239 12.189 4.80772 0.000395257 -4.91655e-05 4.80777 11.946 57.5206 7 71.58
235 11.985 4.79765 0.000395257 -4.91655e-05 4.79769 11.951 57.5396 7 71.58
250 12.75 4.83544 0.000395257 -4.91655e-05 4.83549 11.955 57.5624 7 71.58
186 9.486 4.50812 0 -6.67064e-06 4.50813 12 57.6004 0 75.255
242 12.342 4.64921 0.00163749 2.25716e-05 4.64918 12.005 57.665 29 75.255
244 12.444 4.65424 0.00124224 1.55131e-05 4.65423 12.011 57.7486 22 75.255
252 12.852 4.6744 0.00208922 3.06384e-05 4.67437 12.016 57.8588 37 75.255
232 11.832 4.62401 0.00248447 3.76969e-05 4.62397 12.023 57.9994 44 75.255
218 11.118 4.58874 0.00333145 5.28222e-05 4.58869 12.027 58.1552 59 75.255
213 10.863 4.57614 0.00287973 4.47554e-05 4.5761 12.033 58.3262 51 76.26
201 10.251 4.54591 0.00372671 5.98807e-05 4.54585 12.038 58.5086 66 76.26
122 6.222 4.34688 0.00457369 7.5006e-05 4.3468 12.043 58.7594 81 76.26
192 9.792 4.52324 0.0053642 8.91229e-05 4.52315 12.048 58.9684 95 76.26
198 10.098 4.53835 0.0053642 8.91229e-05 4.53826 12.055 59.1888 95 76.26
1611 82.161 9.18565 0.00333145 -3.10373e-05 9.18568 12.063 59.5612 59 76.26
90 4.59 5.35364 0.00496894 -1.79509e-06 5.35364 12.069 59.8576 88 76.35
72 3.672 5.30829 0.00457369 -8.85356e-06 5.3083 12.076 60.1844 81 76.35
-55 -2.805 4.98833 0.00581592 1.33302e-05 4.98832 12.083 60.4352 103 76.35
81 4.131 5.33097 0.00412196 -1.69204e-05 5.33098 12.091 60.7392 73 76.35
76 3.876 5.31837 0.00333145 -3.10373e-05 5.3184 12.099 60.9786 59 76.35
105 5.355 5.78504 0.00163749 -2.69818e-05 5.78507 12.109 61.2104 29 76.335
76 3.876 5.71198 0.00287973 -4.79799e-06 5.71198 12.117 61.4232 51 76.335
-16 -0.816 5.48019 0.00287973 -4.79799e-06 5.4802 12.124 61.5676 51 76.335
119 6.069 5.82031 0.00163749 -2.69818e-05 5.82034 12.132 61.6816 29 76.335
-3 -0.153 5.51294 0.00208922 -1.89149e-05 5.51296 12.139 61.8108 37 76.29
118 6.018 5.81779 0.00163749 -2.69818e-05 5.81782 12.147 61.9058 29 76.29
117 5.967 5.81527 0.000846979 -4.10987e-05 5.81531 12.155 61.9742 15 76.29
124 6.324 5.83291 0.000395257 -4.91655e-05 5.83296 12.164 62.016 7 76.29
127 6.477 5.84047 0.000395257 -4.91655e-05 5.84051 12.172 62.0464 7 76.29
122 6.222 5.82787 0.000395257 -4.91655e-05 5.82792 12.181 62.073 7 76.14
108 5.508 5.7926 0.000395257 -4.91655e-05 5.79265 12.189 62.1034 7 76.14
99 5.049 5.85832 0.000395257 3.87828e-07 5.85832 12.2 62.1376 7 76.14
72 3.672 5.7903 0.000395257 3.87828e-07 5.7903 12.207 62.1756 7 76.11
53 2.703 5.41208 0.000846979 8.45465e-06 5.41208 12.217 62.2326 15 76.11
63 3.213 5.43728 0.000395257 3.87828e-07 5.43728 12.225 62.2782 7 76.11
41 2.091 4.79513 0.000395257 3.87828e-07 4.79513 12.253 62.5176 7 76.035
48 2.448 4.026 0 -6.67064e-06 4.02601 12.291 62.529 0 76.035
50 2.55 3.33337 0 0 3.33337 12.503 62.548 0 76.11
42 2.142 2.82191 0 0 2.82191 12.508 62.548 0 76.11
55 2.805 2.49561 0 0 2.49561 12.527 62.5518 0 76.35
100 5.1 2.60898 0 0 2.60898 12.532 62.5518 0 76.35
148 7.548 2.72991 0 0 2.72991 12.536 62.5594 0 76.35
236 12.036 3.59262 0 0 3.59262 12.563 62.567 0 76.515
35 1.785 3.08623 0.000395257 7.05847e-06 3.08622 12.567 62.5822 7 76.515
132 6.732 3.52757 0 -6.67064e-06 3.52758 12.598 62.5822 0 78.72
28 1.428 3.26555 0 -6.67064e-06 3.26556 12.602 62.5936 0 78.72
67 3.417 3.10314 0 0 3.10314 12.633 62.5898 0 80.25
145 7.395 3.29965 0 0 3.29965 12.637 62.5898 0 80.25
152 7.752 3.31729 0 0 3.31729 12.643 62.5974 0 80.25
161 8.211 3.33996 0 0 3.33996 12.647 62.605 0 80.25
174 8.874 3.37271 0 0 3.37271 12.652 62.6126 0 80.25
125 6.375 3.24926 0.000395257 7.05847e-06 3.24925 12.658 62.6316 7 80.25
180 9.18 3.38783 0.000395257 7.05847e-06 3.38782 12.664 62.6582 7 80.25
181 9.231 3.39035 0.000395257 7.05847e-06 3.39034 12.669 62.6962 7 80.91
187 9.537 3.40546 0.00124224 2.21838e-05 3.40544 12.675 62.7608 22 80.91
181 9.231 3.39035 0.00124224 2.21838e-05 3.39033 12.68 62.8292 22 80.91
167 8.517 3.35508 0.00208922 3.73091e-05 3.35504 12.686 62.9394 37 80.91
158 8.058 3.3324 0.00248447 4.43675e-05 3.33236 12.691 63.0762 44 80.91
144 7.344 3.29713 0.00287973 5.1426e-05 3.29708 12.696 63.2168 51 80.91
147 7.497 3.30469 0.00287973 5.1426e-05 3.30464 12.702 63.3878 51 80.91
137 6.987 3.27949 0.00412196 7.36098e-05 3.27942 12.707 63.5816 73 80.94
100 5.1 3.18628 0.00581592 0.00010386 3.18617 12.713 63.8096 103 80.94
152 7.752 3.31729 0.00496894 8.87351e-05 3.3172 12.718 64.0186 88 80.94
165 8.415 3.35004 0.00457369 8.16766e-05 3.34996 12.722 64.22 81 80.94
1222 62.322 6.7089 0.00287973 -2.57629e-05 6.70893 12.729 64.3872 51 80.94
31 1.581 3.70829 0.00457369 4.48773e-06 3.70829 12.733 64.619 81 80.94
60 3.06 3.78136 0.00496894 1.15462e-05 3.78135 12.738 64.8546 88 80.94
11 0.561 3.65791 0.0053642 1.86047e-05 3.65789 12.742 65.037 95 82.605
48 2.448 3.75112 0.00496894 1.15462e-05 3.75111 12.748 65.2346 88 82.605
109 5.559 3.90481 0.00287973 -2.57629e-05 3.90483 12.756 65.455 51 82.605
89 4.539 3.85442 0.00333145 -1.7696e-05 3.85444 12.762 65.683 59 82.605
75 3.825 3.81915 0.00333145 -1.7696e-05 3.81917 12.769 65.9148 59 82.605
55 2.805 3.76876 0.00287973 -2.57629e-05 3.76879 12.776 66.0972 51 82.605
83 4.233 3.8393 0.00248447 -3.28213e-05 3.83934 12.784 66.291 44 83.685
93 4.743 3.8645 0.00248447 -3.28213e-05 3.86453 12.792 66.443 44 83.685
115 5.865 3.91992 0.00163749 -4.79466e-05 3.91997 12.801 66.5532 29 83.685
51 2.601 3.75868 0.00208922 -3.98798e-05 3.75872 12.808 66.6976 37 83.685
50 2.55 3.75616 0.00208922 -3.98798e-05 3.7562 12.817 66.88 37 84.135
-10 -0.51 3.605 0.00208922 -3.98798e-05 3.60504 12.825 67.0396 37 84.135
44 2.244 3.74105 0.00163749 -4.79466e-05 3.74109 12.833 67.1422 29 84.135
58 2.958 3.77632 0.000395257 -7.01304e-05 3.77639 12.841 67.165 7 84.135
59 3.009 3.77884 0 -7.71889e-05 3.77891 12.849 67.1688 0 84.585
72 3.672 4.13045 0 0 4.13045 12.888 67.1764 0 85.65
78 3.978 4.14556 0 0 4.14556 12.896 67.1802 0 85.65
85 4.335 4.1632 0.000395257 7.05847e-06 4.16319 12.905 67.203 7 85.65
100 5.1 4.20099 0.000395257 7.05847e-06 4.20098 12.913 67.2258 7 85.65
100 5.1 4.20099 0.000395257 7.05847e-06 4.20098 12.921 67.2676 7 86.64
83 4.233 4.15816 0.00124224 2.21838e-05 4.15814 12.93 67.355 22 86.64
93 4.743 4.18335 0.00124224 2.21838e-05 4.18333 12.938 67.4576 22 86.64
104 5.304 4.21107 0.00124224 2.21838e-05 4.21104 12.946 67.564 22 86.64
120 6.12 4.25138 0.00163749 2.92422e-05 4.25135 12.953 67.6704 29 86.685
137 6.987 4.29421 0.00124224 2.21838e-05 4.29418 12.961 67.7996 22 86.685
141 7.191 4.30428 0.00208922 3.73091e-05 4.30425 12.969 67.9364 37 86.685
143 7.293 4.30932 0.00208922 3.73091e-05 4.30929 12.978 68.1112 37 86.685
175 8.925 4.38994 0.00163749 2.92422e-05 4.38991 12.987 68.2632 29 86.685
184 9.384 5.30787 0 -2.76355e-05 5.3079 12.997 68.4836 0 86.685
124 6.324 5.15671 0.00124224 -5.45176e-06 5.15672 13.102 70.5774 22 86.535
131 6.681 5.17435 0.00457369 5.40411e-05 5.17429 13.134 72.1468 81 86.55
105 5.355 5.10884 0.00457369 5.40411e-05 5.10879 13.142 72.4622 81 86.55
147 7.497 5.21466 0.00208922 9.67354e-06 5.21465 13.15 72.6332 37 86.55
168 8.568 5.26756 0.00208922 9.67354e-06 5.26755 13.158 72.7776 37 86.55
164 8.364 5.25749 0.00163749 1.60672e-06 5.25748 13.166 72.9144 29 86.565
155 7.905 5.23481 0.00208922 9.67354e-06 5.2348 13.175 73.0778 37 86.565
83 4.233 5.05341 0.00287973 2.37905e-05 5.05339 13.184 73.3058 51 86.565
69 3.519 5.01814 0.00287973 2.37905e-05 5.01812 13.192 73.4844 51 86.565
140 7.14 5.19702 0.000395257 -2.05771e-05 5.19704 13.2 73.511 7 86.565
158 8.058 5.24237 0 -2.76355e-05 5.2424 13.209 73.5034 0 86.565
151 7.701 5.22473 0 -2.76355e-05 5.22476 13.217 73.5072 0 86.565
137 6.987 6.13705 0 0 6.13705 13.307 73.5072 0 86.655
191 9.741 6.91081 0 0 6.91081 13.338 73.5072 0 86.655
130 6.63 7.5487 0 0 7.5487 13.375 73.5072 0 86.745
159 8.109 7.62176 0 0 7.62176 13.38 73.511 0 86.745
151 7.701 8.11651 0 0 8.11651 13.409 73.511 0 86.805
196 9.996 8.40251 0 0 8.40251 13.445 73.511 0 87.795
152 7.752 8.6282 0 0 8.6282 13.483 73.511 0 88.575
253 12.903 8.88266 0 0 8.88266 13.489 73.5148 0 88.575
252 12.852 8.88014 0 0 8.88014 13.494 73.5186 0 88.575
263 13.413 8.90785 0.000395257 7.05847e-06 8.90784 13.5 73.5224 7 88.575
278 14.178 8.94564 0 0 8.94564 13.507 73.53 0 88.575
204 10.404 8.75921 0.000395257 7.05847e-06 8.7592 13.514 73.5414 7 88.575
303 15.453 9.00863 0 0 9.00863 13.519 73.5604 0 89.025
308 15.708 9.02122 0.000395257 7.05847e-06 9.02122 13.526 73.5946 7 89.025
249 12.699 8.87258 0.000846979 1.51253e-05 8.87256 13.534 73.6744 15 89.025
224 11.424 9.65524 0.000846979 8.3106e-07 9.65523 13.544 73.815 15 89.025
160 8.16 9.49399 0.00333145 4.51986e-05 9.49395 13.551 74.0354 59 89.355
128 6.528 9.41337 0.00372671 5.22571e-05 9.41332 13.559 74.2786 66 89.355
62 3.162 9.24709 0.0053642 8.14993e-05 9.24701 13.567 74.6168 95 89.355
-35 -1.785 9.00271 0.00372671 5.22571e-05 9.00266 13.574 74.8562 66 89.355
496 25.296 8.98363 0.00248447 -1.85271e-05 8.98365 13.582 75.0348 44 89.355
66 3.366 7.90029 0.00287973 -1.14686e-05 7.9003 13.591 75.2286 51 91.035
30 1.53 6.13071 0.00372671 1.79509e-05 6.13069 13.6 75.5022 66 91.035
3 0.153 6.06269 0.00412196 2.50094e-05 6.06266 13.608 75.734 73 91.035
37 1.887 6.14835 0.00208922 -1.12913e-05 6.14836 13.616 75.8822 37 91.035
86 4.386 6.2718 0.00124224 -2.64166e-05 6.27183 13.624 75.9544 22 91.095
115 5.865 6.34486 0.00124224 -2.64166e-05 6.34489 13.759 76.456 22 91.14
93 4.743 6.28943 0.00163749 -1.93582e-05 6.28945 13.767 78.5536 29 91.14
84 4.284 6.26676 0.00287973 2.82561e-06 6.26676 13.775 78.7854 51 91.14
43 2.193 6.16346 0.00287973 2.82561e-06 6.16346 13.783 79.0438 51 91.14
53 2.703 6.18866 0.00372671 1.79509e-05 6.18864 13.792 79.3288 66 91.14
130 6.63 6.38265 0.00163749 -1.93582e-05 6.38267 13.8 79.4732 29 91.14
157 8.007 6.45068 0.00208922 -1.12913e-05 6.45069 13.808 79.6442 37 91.14
113 5.763 6.33982 0.00372671 1.79509e-05 6.3398 13.816 79.8912 66 91.14
99 5.049 6.30455 0.00457369 3.30762e-05 6.30452 13.824 80.2256 81 91.14
201 10.251 6.56153 0.00372671 1.79509e-05 6.56151 13.831 80.5068 66 91.14
115 5.865 6.34486 0.00372671 1.79509e-05 6.34484 13.839 80.807 66 91.14
192 9.792 5.57655 0.000846979 -4.77694e-05 5.5766 13.848 81.0806 15 91.14
110 5.61 5.36996 0.0053642 3.28989e-05 5.36993 13.855 81.4454 95 91.14
114 5.814 5.38004 0.00457369 1.8782e-05 5.38002 13.863 81.757 81 91.14
102 5.202 5.34981 0.00457369 1.8782e-05 5.34979 13.871 82.0686 81 91.14
96 4.896 5.33469 0.00457369 1.8782e-05 5.33467 13.879 82.3612 81 91.14
105 5.355 5.35736 0.00372671 3.65667e-06 5.35736 13.886 82.6044 66 91.14
102 5.202 5.34981 0.00372671 3.65667e-06 5.3498 13.894 82.9122 66 91.14
60 3.06 5.24399 0.00412196 1.07151e-05 5.24398 13.902 83.2238 73 91.155
89 4.539 5.31705 0.00333145 -3.40181e-06 5.31706 13.911 83.448 59 91.155
107 5.457 5.3624 0.00248447 -1.85271e-05 5.36242 13.919 83.6418 44 91.155
104 5.304 5.35484 0.00208922 -2.55856e-05 5.35487 13.927 83.7976 37 91.155
66 3.366 5.25911 0.00287973 -1.14686e-05 5.25912 13.935 83.9952 51 91.17
36 1.836 5.18353 0.00372671 3.65667e-06 5.18352 13.943 84.2042 66 91.17
85 4.335 5.30698 0.00124224 -4.07109e-05 5.30702 13.951 84.2878 22 91.17
120 6.12 5.39516 0.000846979 -4.77694e-05 5.3952 13.959 84.3334 15 91.17
108 5.508 5.36492 0.000395257 -5.58362e-05 5.36498 13.967 84.3524 7 91.17
127 6.477 5.41279 0.000395257 -5.58362e-05 5.41285 13.975 84.3638 7 91.17
62 3.162 5.24903 0.000395257 -5.58362e-05 5.24909 13.982 84.3676 7 91.17
113 5.763 5.37752 0 -6.28947e-05 5.37758 13.99 84.3714 0 91.17
105 5.355 4.97563 0 0 4.97563 14.072 84.3828 0 91.185
92 4.692 4.84514 0 0 4.84514 14.104 84.3904 0 91.185
113 5.763 4.83724 0 0 4.83724 14.142 84.3942 0 91.17
110 5.61 4.95506 0 0 4.95506 14.174 84.398 0 91.125
117 5.967 5.16501 0 0 5.16501 14.213 84.398 0 91.035
71 3.621 5.28925 0 0 5.28925 14.248 84.4056 0 91.02
115 5.865 5.24445 0 0 5.24445 14.395 84.4132 0 91.035
94 4.794 5.18093 0 0 5.18093 14.404 84.4132 0 91.035
102 5.202 5.14613 0 0 5.14613 14.46 84.417 0 91.02
115 5.865 5.15213 0 0 5.15213 14.493 84.417 0 91.02
110 5.61 5.24955 0 0 5.24955 14.562 84.417 0 91.035
102 5.202 5.35872 0 0 5.35872 14.595 84.4208 0 91.035
97 4.947 5.38635 0 0 5.38635 14.766 84.4246 0 91.065
115 5.865 5.36955 0 0 5.36955 14.796 84.4246 0 91.095
120 6.12 5.42566 0 0 5.42566 14.834 84.4246 0 91.125
124 6.324 5.58611 0 0 5.58611 14.867 84.4246 0 91.155
102 5.202 5.74199 0 0 5.74199 15.044 84.4322 0 94.575
102 5.202 5.76394 0 0 5.76394 15.05 84.4322 0 94.575
102 5.202 5.66218 0 0 5.66218 15.081 84.4322 0 96.015
201 10.251 5.9116 0 0 5.9116 15.086 84.4322 0 96.015
197 10.047 5.90152 0 0 5.90152 15.091 84.4436 0 96.015
209 10.659 5.93175 0.000395257 7.05847e-06 5.93175 15.096 84.4588 7 96.015
228 11.628 5.97962 0.000395257 7.05847e-06 5.97961 15.104 84.4778 7 96.015
228 11.628 5.97962 0.000395257 7.05847e-06 5.97961 15.111 84.5234 7 96.945
243 12.393 6.01741 0.000846979 1.51253e-05 6.0174 15.117 84.5576 15 96.945
169 8.619 5.83098 0.000846979 1.51253e-05 5.83096 15.125 84.6184 15 96.945
268 13.668 6.0804 0.000846979 1.51253e-05 6.08038 15.132 84.6792 15 96.945
198 10.098 5.90404 0.000846979 1.51253e-05 5.90402 15.14 84.7514 15 96.945
191 9.741 5.8864 0.00163749 2.92422e-05 5.88637 15.148 84.8958 29 97.935
262 13.362 6.06528 0.00248447 4.43675e-05 6.06524 15.155 85.0934 44 97.935
144 7.344 5.76799 0.00372671 6.65513e-05 5.76793 15.162 85.3442 66 97.935
221 11.271 5.96199 0.00372671 6.65513e-05 5.96192 15.168 85.6254 66 97.935
133 6.783 5.74028 0.00372671 6.65513e-05 5.74021 15.176 85.9066 66 97.935
205 10.455 5.92168 0.0053642 9.57936e-05 5.92158 15.182 86.1612 95 98.16
111 5.661 5.68485 0.0053642 9.57936e-05 5.68476 15.19 86.545 95 98.16
174 8.874 5.77728 0.00457369 -8.85356e-06 5.77729 15.199 86.8984 81 98.16
124 6.324 5.65131 0.0053642 5.26338e-06 5.65131 15.208 87.286 95 98.16
118 6.018 5.63619 0.00372671 -2.39789e-05 5.63622 15.216 87.6052 66 98.16
96 4.896 5.58077 0.00372671 -2.39789e-05 5.58079 15.224 87.8864 66 98.985
94 4.794 5.57573 0.00496894 -1.79509e-06 5.57573 15.234 88.1676 88 98.985
151 7.701 5.71933 0.00287973 -3.91042e-05 5.71937 15.242 88.4602 51 98.985
109 5.559 5.61352 0.00287973 -3.91042e-05 5.61356 15.25 88.673 51 98.985
116 5.916 5.63116 0.00287973 -3.91042e-05 5.63119 15.258 88.8782 51 98.895
100 5.1 5.59085 0.00333145 -3.10373e-05 5.59088 15.267 89.0872 59 98.895
106 5.406 5.60596 0.00248447 -4.61626e-05 5.60601 15.275 89.2734 44 98.895
129 6.579 5.66391 0.00124224 -6.83464e-05 5.66398 15.283 89.376 22 98.895
115 5.865 5.62864 0.00163749 -6.12879e-05 5.6287 15.291 89.49 29 98.805
106 5.406 5.60596 0.00163749 -6.12879e-05 5.60602 15.299 89.6002 29 98.805
73 3.723 5.52282 0.00163749 -6.12879e-05 5.52288 15.307 89.7446 29 98.805
68 3.468 5.51022 0.00163749 -6.12879e-05 5.51029 15.315 89.851 29 98.805
82 4.182 5.5455 0.000846979 -7.54049e-05 5.54557 15.323 89.889 15 98.82
81 4.131 5.54298 0 -9.05302e-05 5.54307 15.331 89.8852 0 98.82
95 4.845 5.30583 0 0 5.30583 15.341 89.889 0 98.82
95 4.845 5.06515 0 0 5.06515 15.364 89.889 0 98.79
93 4.743 4.90065 0 0 4.90065 15.399 89.8928 0 98.79
93 4.743 4.795 0 0 4.795 15.467 89.8966 0 98.805
103 5.253 4.7585 0 0 4.7585 15.501 89.9004 0 98.805
95 4.845 4.79253 0 0 4.79253 17.527 89.927 0 98.82
102 5.202 4.85599 0 0 4.85599 17.692 89.9308 0 98.805
96 4.896 4.92097 0 0 4.92097 17.939 89.9308 0 98.85
124 6.324 5.03174 0 0 5.03174 17.971 89.9308 0 98.895
102 5.202 5.21314 0 0 5.21314 18.003 89.9308 0 98.925
96 4.896 5.33682 0 0 5.33682 18.074 89.9308 0 99.06
110 5.61 5.35805 0 0 5.35805 18.119 89.9422 0 100.095
126 6.426 5.39836 0 0 5.39836 18.126 89.9536 0 100.095
131 6.681 5.41095 0 0 5.41095 18.133 89.9688 0 100.095
229 11.679 5.65786 0.000395257 7.05847e-06 5.65785 18.139 89.9878 7 100.095
140 7.14 5.43363 0.000395257 7.05847e-06 5.43362 18.147 90.0334 7 101.13
160 8.16 5.48402 0.00124224 2.21838e-05 5.484 18.154 90.1018 22 101.13
97 4.947 5.3253 0.00248447 4.43675e-05 5.32525 18.161 90.2842 44 101.13
109 5.559 5.35553 0.00248447 4.43675e-05 5.35548 18.168 90.4438 44 101.13
126 6.426 5.39836 0.00287973 5.1426e-05 5.39831 18.175 90.592 51 101.13
108 5.508 5.35301 0.00333145 5.94928e-05 5.35295 18.184 90.839 59 102.405
100 5.1 5.33285 0.00412196 7.36098e-05 5.33278 18.316 93.0658 73 105.255
131 6.681 5.35188 0.00208922 -3.22562e-05 5.35191 18.327 94.9658 37 105.885
123 6.273 5.33173 0.00372671 -3.01398e-06 5.33173 18.334 95.2128 66 105.885
110 5.61 5.29897 0.00372671 -3.01398e-06 5.29898 18.343 95.551 66 105.885
91 4.641 5.25111 0.00372671 -3.01398e-06 5.25111 18.353 95.8816 66 105.885
107 5.457 5.29142 0.00372671 -3.01398e-06 5.29142 18.361 96.197 66 106.17
102 5.202 5.27882 0.00412196 4.04449e-06 5.27882 18.37 96.5998 73 106.17
85 4.335 5.23599 0.00621118 4.13536e-05 5.23595 18.378 96.9722 110 106.17
100 5.1 5.27378 0.00412196 4.04449e-06 5.27378 18.387 97.3826 73 106.17
103 5.253 5.28134 0.00621118 4.13536e-05 5.2813 18.396 97.8196 110 107.055
83 4.233 5.23095 0.00621118 4.13536e-05 5.23091 18.404 98.3212 110 107.055
87 4.437 5.24103 0.00660644 4.8412e-05 5.24098 18.413 98.7848 117 107.055
90 4.59 5.24859 0.00621118 4.13536e-05 5.24855 18.421 99.3092 110 107.055
123 6.273 5.33173 0.00660644 4.8412e-05 5.33168 18.429 99.7614 117 107.19
138 7.038 5.36952 0.00621118 4.13536e-05 5.36948 18.437 100.187 110 107.19
165 8.415 5.43754 0.00496894 1.91698e-05 5.43752 18.445 100.594 88 107.19
210 10.71 5.55091 0.00496894 1.91698e-05 5.5509 18.453 100.993 88 107.19
193 9.843 5.50808 0.00705816 5.64789e-05 5.50803 18.461 101.452 125 107.19
196 9.996 5.51564 0.00824393 7.76543e-05 5.51557 18.469 101.981 146 107.19
226 11.526 6.32131 0.00496894 -5.03955e-05 6.32136 18.479 102.547 88 107.19
109 5.559 6.02654 0.00660644 -2.11533e-05 6.02656 18.487 103.06 117 107.19
124 6.324 6.06433 0.00457369 -5.7454e-05 6.06439 18.496 103.436 81 107.19
111 5.661 6.03158 0.00581592 -3.52702e-05 6.03161 18.504 103.801 103 107.175
42 2.142 5.85774 0.00412196 -6.55208e-05 5.8578 18.512 104.059 73 107.175
82 4.182 5.95851 0.000846979 -0.000124005 5.95864 18.52 104.093 15 107.175
162 8.262 6.30634 0.000846979 -2.94195e-05 6.30637 18.53 104.044 -15 107.175
129 6.579 6.57311 0 1.42942e-05 6.57309 18.54 104.052 0 107.025
136 6.936 6.80112 0 0 6.80112 18.576 104.052 0 106.89
115 5.865 6.74821 0 0 6.74821 18.585 104.048 0 106.89
129 6.579 6.7264 0 0 6.7264 18.605 104.048 0 106.95
122 6.222 6.70877 0.000395257 -7.05847e-06 6.70877 18.609 104.044 -7 106.95
123 6.273 6.57724 0 6.67064e-06 6.57723 18.641 104.044 0 106.935
123 6.273 6.45045 0 0 6.45045 18.675 104.044 0 106.935
122 6.222 6.35102 0 0 6.35102 18.97 104.044 0 106.92
129 6.579 6.29692 0 0 6.29692 18.981 104.044 0 106.89
122 6.222 6.29032 0 0 6.29032 19.026 104.044 0 106.95
129 6.579 6.30768 0 0 6.30768 19.06 104.044 0 107.19
123 6.273 6.33559 0 0 6.33559 19.092 104.044 0 107.22
135 6.885 6.38063 0 0 6.38063 19.129 104.044 0 107.22
129 6.579 6.45522 0 0 6.45522 19.162 104.044 0 107.25
122 6.222 6.5115 0 0 6.5115 19.195 104.044 0 107.265
129 6.579 6.51511 0 0 6.51511 19.236 104.044 0 107.76
123 6.273 6.49999 0 0 6.49999 19.245 104.052 0 107.76
155 7.905 6.58061 0 0 6.58061 19.254 104.052 0 107.76
169 8.619 6.61589 0 0 6.61589 19.264 104.059 0 107.76
188 9.588 6.66375 0 0 6.66375 19.272 104.071 0 109.395
201 10.251 6.69651 0 0 6.69651 19.28 104.086 0 109.395
215 10.965 6.73178 0.000395257 7.05847e-06 6.73177 19.288 104.112 7 109.395
222 11.322 6.74941 0.000395257 7.05847e-06 6.74941 19.297 104.15 7 109.395
239 12.189 6.79224 0.000846979 1.51253e-05 6.79223 19.306 104.219 15 109.455
247 12.597 6.8124 0.00163749 2.92422e-05 6.81237 19.314 104.34 29 109.455
211 10.761 6.7217 0.00248447 4.43675e-05 6.72166 19.322 104.538 44 109.455
171 8.721 6.62092 0.00372671 6.65513e-05 6.62086 19.331 104.853 66 109.455
106 5.406 6.79982 0.00287973 -1.14686e-05 6.79983 19.342 105.397 51 110.205
89 4.539 6.75699 0.00496894 2.58404e-05 6.75697 19.35 105.724 88 110.205
70 3.57 6.70912 0.00457369 1.8782e-05 6.70911 19.358 106.096 81 110.205
25 1.275 6.59575 0.00621118 4.80242e-05 6.5957 19.367 106.468 110 110.205
76 3.876 6.72424 0.00248447 -1.85271e-05 6.72426 19.376 106.761 44 111.405
74 3.774 6.7192 0.00248447 -1.85271e-05 6.71922 19.385 106.985 44 111.405
25 1.275 6.59575 0.00287973 -1.14686e-05 6.59576 19.394 107.274 51 111.405
-15 -0.765 6.49498 0.00372671 3.65667e-06 6.49497 19.403 107.517 66 111.405
57 2.907 6.67637 0.000846979 -4.77694e-05 6.67642 19.41 107.593 15 111.645
84 4.284 6.7444 0.000395257 -5.58362e-05 6.74445 19.418 107.605 7 111.645
28 1.428 6.60331 0 -6.28947e-05 6.60337 19.423 107.605 0 111.645
46 2.346 6.64866 0 -6.28947e-05 6.64872 19.429 107.601 0 111.645
75 3.825 6.19792 0 0 6.19792 19.436 107.601 0 111.645
80 4.08 5.45187 0 0 5.45187 19.449 107.601 0 111.975
181 9.231 5.70633 0 0 5.70633 19.453 107.601 0 111.975
193 9.843 5.73656 0.000395257 7.05847e-06 5.73655 19.458 107.612 7 111.975
199 10.149 5.75167 0.000395257 7.05847e-06 5.75167 19.462 107.624 7 111.975
438 22.338 6.69652 0 -6.67064e-06 6.69653 19.624 107.639 0 115.095
4 0.204 5.6031 0.000846979 8.45465e-06 5.60309 19.629 107.673 15 115.095
4 0.204 5.6031 0.000846979 8.45465e-06 5.60309 19.634 107.7 15 115.095
8 0.408 5.61318 0 -6.67064e-06 5.61319 19.638 107.703 0 115.095
81 4.131 5.18198 0 0 5.18198 19.644 107.7 0 115.095
85 4.335 4.59343 0 0 4.59343 19.664 107.707 0 116.055
190 9.69 4.85797 0 0 4.85797 19.668 107.715 0 116.055
195 9.945 4.87057 0.000395257 7.05847e-06 4.87056 19.675 107.738 7 116.055
203 10.353 4.89072 0.000395257 7.05847e-06 4.89072 19.68 107.76 7 116.055
205 10.455 4.89576 0.000395257 7.05847e-06 4.89575 19.686 107.798 7 116.055
213 10.863 4.91592 0.00124224 2.21838e-05 4.91589 19.691 107.855 22 116.055
211 10.761 4.91088 0.00124224 2.21838e-05 4.91086 19.695 107.928 22 116.22
189 9.639 4.85545 0.00208922 3.73091e-05 4.85541 19.7 108.015 37 116.22
117 5.967 4.67405 0.00208922 3.73091e-05 4.67402 19.705 108.102 37 116.22
198 10.098 4.87813 0.00287973 5.1426e-05 4.87807 19.71 108.235 51 116.22
1054 53.754 7.62586 0.00287973 2.82561e-06 7.62586 19.716 108.414 51 116.22
17 0.867 5.01325 0.00457369 3.30762e-05 5.01321 19.721 108.596 81 116.22
18 0.918 5.01576 0.00333145 1.08924e-05 5.01575 19.726 108.745 59 116.22
-11 -0.561 4.9427 0.00208922 -1.12913e-05 4.94271 19.732 108.84 37 117.21
52 2.652 5.10142 0.00248447 -4.23287e-06 5.10143 19.738 108.969 44 117.21
62 3.162 5.12662 0.00124224 -2.64166e-05 5.12664 19.744 109.049 22 117.21
73 3.723 5.15433 0.00163749 -1.93582e-05 5.15435 19.751 109.17 29 117.21
15 0.765 5.00821 0.00248447 -4.23287e-06 5.00821 19.758 109.288 44 117.21
-14 -0.714 4.93514 0.00248447 -4.23287e-06 4.93515 19.766 109.478 44 117.255
-11 -0.561 4.38622 0.00163749 -1.26875e-05 4.38623 19.776 109.66 29 117.255
-10 -0.51 4.38874 0.000846979 -2.68045e-05 4.38876 19.784 109.721 15 117.255
40 2.04 3.27436 0 -1.42942e-05 3.27438 19.809 109.714 0 117.15
12 0.612 3.20382 0 -1.42942e-05 3.20383 19.819 109.71 0 117.15
20 1.02 2.08971 0 0 2.08971 19.847 109.706 0 117.18
36 1.836 2.13002 0 0 2.13002 19.854 109.702 0 117.18
26 1.326 1.47306 0 0 1.47306 19.879 109.71 0 117.18
26 1.326 1.15519 0 0 1.15519 19.98 109.71 0 117.165
34 1.734 1.0571 0 0 1.0571 20.018 109.71 0 117.165
31 1.581 1.11616 0 0 1.11616 20.05 109.71 0 117.15
31 1.581 1.2436 0 0 1.2436 20.088 109.71 0 117.15
23 1.173 1.35075 0 0 1.35075 20.249 109.71 0 117.21
26 1.326 1.39421 0 0 1.39421 20.255 109.71 0 117.3
46 2.346 1.4446 0 0 1.4446 20.258 109.706 0 117.3
22 1.122 1.54892 0 0 1.54892 20.263 109.71 0 117.3
30 1.53 1.59465 0 0 1.59465 20.294 109.706 0 117.525
62 3.162 1.67527 0 0 1.67527 20.298 109.706 0 117.525
71 3.621 1.69794 0 0 1.69794 20.303 109.714 0 117.525
122 6.222 2.15398 0.000395257 7.05847e-06 2.15398 20.329 109.714 7 118.905
130 6.63 2.17414 0.000395257 7.05847e-06 2.17413 20.335 109.733 7 118.905
133 6.783 2.1817 0.000395257 7.05847e-06 2.18169 20.342 109.744 7 118.905
139 7.089 2.19681 0 0 2.19681 20.347 109.759 0 118.905
150 7.65 2.22453 0.000395257 7.05847e-06 2.22452 20.353 109.782 7 118.905
141 7.191 2.20185 0.000846979 1.51253e-05 2.20184 20.357 109.805 15 119.625
152 7.752 2.22957 0.000846979 1.51253e-05 2.22955 20.361 109.839 15 119.625
145 7.395 2.21193 0.00124224 2.21838e-05 2.21191 20.365 109.888 22 119.625
189 9.639 2.32278 0.00124224 2.21838e-05 2.32276 20.371 109.953 22 119.625
162 8.262 2.25476 0.00124224 2.21838e-05 2.25474 20.377 110.048 22 119.625
183 9.333 2.30767 0.00208922 3.73091e-05 2.30763 20.381 110.132 37 119.625
132 6.732 2.17918 0.00333145 5.94928e-05 2.17912 20.388 110.314 59 119.625
84 4.284 2.05825 0.00457369 8.16766e-05 2.05817 20.396 110.671 81 120.015
506 25.806 3.70035 0.00248447 -3.28213e-05 3.70038 20.404 111.021 44 120.015
47 2.397 2.54394 0.00496894 1.15462e-05 2.54393 20.41 111.249 88 120.015
38 1.938 2.52127 0.00496894 1.15462e-05 2.52126 20.418 111.496 88 120.015
56 2.856 2.56662 0.00457369 4.48773e-06 2.56661 20.426 111.792 81 120.015
76 3.876 2.61701 0.00333145 -1.7696e-05 2.61702 20.434 112.051 59 120.735
83 4.233 2.63464 0.00287973 -2.57629e-05 2.63467 20.444 112.237 51 120.735
85 4.335 2.63968 0.00248447 -3.28213e-05 2.63971 20.452 112.438 44 120.735
89 4.539 2.64976 0.00163749 -4.79466e-05 2.64981 20.46 112.583 29 120.735
66 3.366 2.59181 0.00208922 -3.98798e-05 2.59185 20.468 112.746 37 121.095
53 2.703 2.55906 0.00248447 -3.28213e-05 2.55909 20.476 112.902 44 121.095
96 4.896 2.66739 0.000846979 -6.20636e-05 2.66746 20.484 112.97 15 121.095
101 5.151 3.38069 0.000395257 -7.23577e-06 3.38069 20.494 113.046 7 121.095
81 4.131 3.3303 0.00124224 7.88953e-06 3.33029 20.502 113.13 22 121.92
74 3.774 3.31266 0.00124224 7.88953e-06 3.31266 20.511 113.198 22 121.92
51 2.601 3.25472 0.00124224 7.88953e-06 3.25471 20.518 113.286 22 121.92
34 1.734 3.21189 0.00124224 7.88953e-06 3.21188 20.526 113.362 22 121.92
42 2.142 3.35542 0.000846979 -5.83958e-06 3.35543 20.537 113.445 15 121.92
27 1.377 3.31763 0.00124224 1.21889e-06 3.31763 20.545 113.521 22 123.135
36 1.836 3.3403 0.00124224 1.21889e-06 3.3403 20.555 113.597 22 123.135
45 2.295 3.36298 0.000846979 -5.83958e-06 3.36298 20.562 113.673 15 123.135
38 1.938 3.34534 0.000846979 -5.83958e-06 3.34535 20.57 113.761 15 123.135
44 2.244 3.36046 0.00124224 1.21889e-06 3.36046 20.578 113.848 22 123.585
84 4.284 3.46124 0.000395257 -1.39064e-05 3.46125 20.586 113.878 7 123.585
133 6.783 3.58469 0 -2.09649e-05 3.58471 20.594 113.875 0 123.585
152 7.752 3.63255 0 -2.09649e-05 3.63258 20.603 113.89 0 123.585
183 9.333 3.71066 0.000395257 -1.39064e-05 3.71067 20.61 113.924 7 123.825
196 9.996 4.71697 0.000395257 -1.37291e-05 4.71699 20.62 113.996 -7 123.825
152 7.752 4.60612 0.00163749 2.25716e-05 4.6061 20.628 114.133 29 123.825
81 4.131 4.42724 0.00208922 3.06384e-05 4.42721 20.636 114.312 37 123.825
89 4.539 4.4474 0.00208922 3.06384e-05 4.44737 20.644 114.498 37 124.305
52 2.652 4.35418 0.00287973 4.47554e-05 4.35414 20.652 114.752 51 124.305
27 1.377 4.2912 0.00287973 4.47554e-05 4.29115 20.66 114.969 51 124.305
33 1.683 4.30631 0.00208922 3.06384e-05 4.30628 20.669 115.11 37 124.305
122 6.222 4.67339 0.000395257 -4.23176e-05 4.67343 20.679 115.098 -7 124.305
132 6.732 4.69858 0 -3.52591e-05 4.69861 20.687 115.098 0 124.965
138 7.038 4.7137 0.000395257 -2.82006e-05 4.71372 20.696 115.117 7 124.965
172 8.772 5.18792 0.000395257 -1.37291e-05 5.18793 20.706 115.125 -7 124.965
164 8.364 5.16776 0.000395257 3.87828e-07 5.16776 20.715 115.174 7 124.965
168 8.568 5.17784 0.000846979 8.45465e-06 5.17783 20.723 115.265 15 126.3
162 8.262 5.97797 0 -1.42942e-05 5.97798 20.735 115.36 0 126.3
110 5.61 5.84696 0.00248447 3.00733e-05 5.84693 20.743 115.569 44 126.3
50 2.55 5.69579 0.00457369 6.73824e-05 5.69573 20.88 119.008 81 131.055
103 5.253 5.82932 0.00333145 4.51986e-05 5.82928 20.889 119.236 59 131.055
97 4.947 5.81421 0.00372671 5.22571e-05 5.81415 20.896 119.495 66 131.055
57 2.907 5.71343 0.00496894 7.44409e-05 5.71336 20.904 119.799 88 131.16
119 6.069 5.86963 0.00333145 4.51986e-05 5.86959 20.912 120.034 59 131.16
156 7.956 6.45487 0.000846979 -4.10987e-05 6.45492 20.923 120.308 15 131.16
88 4.488 6.28356 0.00412196 1.73858e-05 6.28354 20.931 120.642 73 131.16
53 2.703 6.19538 0.00457369 2.54526e-05 6.19535 20.939 120.965 81 131.16
65 3.315 6.22561 0.00372671 1.03273e-05 6.2256 20.948 121.262 66 131.16
79 4.029 6.26088 0.00333145 3.26884e-06 6.26088 20.956 121.497 59 131.16
53 2.703 6.19538 0.00333145 3.26884e-06 6.19537 20.965 121.775 59 131.16
28 1.428 6.13239 0.00333145 3.26884e-06 6.13239 20.973 122.01 59 130.965
73 3.723 6.24576 0.00163749 -2.69818e-05 6.24579 20.983 122.17 29 130.965
97 4.947 6.30623 0.000846979 -4.10987e-05 6.30627 20.992 122.254 15 130.965
96 4.896 6.30371 0.000846979 -4.10987e-05 6.30375 21 122.341 15 130.965
86 4.386 6.27852 0.000846979 -4.10987e-05 6.27856 21.008 122.409 15 130.89
52 2.652 6.19286 0.00124224 -3.40402e-05 6.19289 21.014 122.482 22 130.89
-21 -1.071 6.00894 0.00163749 -2.69818e-05 6.00897 21.018 122.561 29 130.89
32 1.632 5.1608 0.00163749 1.60672e-06 5.1608 21.024 122.634 29 130.89
-24 -1.224 5.01971 0.000846979 -1.25102e-05 5.01972 21.029 122.679 15 130.89
-15 -0.765 3.3422 0.000846979 8.3106e-07 3.3422 21.048 122.85 15 130.92
85 4.335 3.59414 0.000846979 8.3106e-07 3.59414 21.052 122.881 15 130.92
58 2.958 2.71654 0 -1.42942e-05 2.71656 21.08 122.884 0 130.95
38 1.938 2.36232 0 0 2.36232 21.285 122.884 0 130.935
38 1.938 2.1592 0 0 2.1592 21.32 122.884 0 131.115
118 6.018 2.36076 0 0 2.36076 21.327 122.884 0 131.115
54 2.754 2.19951 0 0 2.19951 21.335 122.888 0 131.115
60 3.06 2.20576 0 0 2.20576 21.361 122.892 0 131.325
115 5.865 2.50064 0 0 2.50064 21.532 122.903 0 134.655
111 5.661 2.49056 0 0 2.49056 21.54 122.911 0 134.865
132 6.732 2.54347 0.000395257 7.05847e-06 2.54346 21.549 122.926 7 134.865
170 8.67 2.63921 0 0 2.63921 21.556 122.949 0 134.865
178 9.078 2.65936 0.000395257 7.05847e-06 2.65935 21.564 122.983 7 134.865
182 9.282 2.66944 0.000846979 1.51253e-05 2.66942 21.572 123.059 15 135.585
184 9.384 2.67448 0.00124224 2.21838e-05 2.67446 21.58 123.166 22 135.585
167 8.517 2.63165 0.00208922 3.73091e-05 2.63161 21.587 123.314 37 135.585
142 7.242 2.56866 0.00248447 4.43675e-05 2.56862 21.596 123.553 44 135.585
109 5.559 2.48552 0.00372671 6.65513e-05 2.48546 21.602 123.857 66 135.585
58 2.958 2.35703 0.00496894 8.87351e-05 2.35694 21.61 124.157 88 135.825
164 8.364 2.8197 0.00287973 -3.24335e-05 2.81973 21.621 124.503 51 135.825
54 2.754 2.54257 0.00412196 -1.02497e-05 2.54258 21.629 124.902 73 135.825
45 2.295 2.51989 0.00457369 -2.18292e-06 2.51989 21.637 125.237 81 135.825
78 3.978 2.60303 0.00287973 -3.24335e-05 2.60306 21.645 125.476 51 136.665
94 4.794 2.64334 0.00248447 -3.9492e-05 2.64338 21.653 125.666 44 136.665
51 2.601 2.53501 0.00333145 -2.43667e-05 2.53503 21.661 125.913 59 136.665
10 0.51 2.43171 0.00372671 -1.73082e-05 2.43173 21.669 126.156 66 136.665
66 3.366 2.5728 0.00163749 -5.46173e-05 2.57285 21.678 126.24 29 136.86
139 7.089 2.75671 0 -8.38595e-05 2.7568 21.686 126.228 0 136.86
143 7.293 2.76679 0 -8.38595e-05 2.76688 21.694 126.228 0 136.86
138 7.038 2.7542 0 -8.38595e-05 2.75428 21.703 126.228 0 136.86
151 7.701 3.6214 0 0 3.6214 21.713 126.221 0 136.86
136 6.936 3.58361 0 0 3.58361 21.721 126.232 0 136.86
124 6.324 3.55337 0 0 3.55337 21.729 126.228 0 136.86
126 6.426 4.52233 0 0 4.52233 21.788 126.225 0 137.895
137 6.987 4.55005 0 0 4.55005 21.797 126.232 0 137.895
151 7.701 4.58532 0 0 4.58532 21.806 126.236 0 137.895
173 8.823 4.64075 0 0 4.64075 21.813 126.244 0 137.865
172 8.772 4.63823 0 0 4.63823 21.821 126.263 0 137.865
168 8.568 4.62815 0.000395257 7.05847e-06 4.62814 21.832 126.32 7 137.865
169 8.619 4.63067 0.00124224 2.21838e-05 4.63065 21.84 126.426 22 137.865
139 7.089 4.55509 0.00208922 3.73091e-05 4.55505 21.848 126.601 37 137.865
190 9.69 4.68358 0.00372671 6.65513e-05 4.68351 21.853 126.802 66 137.865
145 7.395 4.5702 0.00496894 8.87351e-05 4.57011 21.859 127.061 88 137.865
94 4.794 4.44171 0.0053642 9.57936e-05 4.44162 21.866 127.33 95 137.865
-337 -17.187 3.92437 0.00372671 -2.39789e-05 3.9244 21.872 127.524 66 137.865
74 3.774 4.95985 0.00333145 -3.10373e-05 4.95988 21.876 127.669 59 137.865
56 2.856 4.9145 0.00333145 -3.10373e-05 4.91453 21.88 127.786 59 137.865
44 2.244 4.88427 0.00372671 -2.39789e-05 4.88429 21.884 127.931 66 137.895
18 0.918 4.81876 0.00333145 -3.10373e-05 4.81879 21.889 128.049 59 137.895
-61 -3.111 4.61973 0.00412196 -1.69204e-05 4.61975 21.893 128.216 73 137.895
8 0.408 4.79357 0.00248447 -4.61626e-05 4.79361 21.898 128.311 44 137.895
-33 -1.683 4.69027 0.00124224 -6.83464e-05 4.69034 21.902 128.379 22 137.895
62 3.162 4.92962 0.000395257 -8.34717e-05 4.9297 21.907 128.391 7 137.895
37 1.887 4.86663 0.000846979 -0.000105655 4.86674 21.911 128.375 -15 137.895
82 4.182 4.98 0.000395257 -9.75887e-05 4.9801 21.915 128.356 -7 137.895
102 5.202 5.1589 0.000395257 -3.87828e-07 5.1589 21.921 128.337 -7 137.955
93 4.743 5.17875 0 6.67064e-06 5.17874 21.926 128.337 0 137.955
115 5.865 5.17914 0 0 5.17914 21.96 128.337 0 138.195
122 6.222 5.19678 0 0 5.19678 21.964 128.341 0 138.195
172 8.772 5.45994 0 0 5.45994 21.992 128.334 0 139.155
99 5.049 5.27603 0.000395257 7.05847e-06 5.27602 22 128.372 7 139.155
174 8.874 5.46498 0.000395257 7.05847e-06 5.46497 22.005 128.394 7 139.155
198 10.098 5.52545 0.000395257 7.05847e-06 5.52544 22.01 128.413 7 139.155
213 10.863 5.56324 0.000395257 7.05847e-06 5.56323 22.016 128.448 7 139.155
213 10.863 5.56324 0.000846979 1.51253e-05 5.56322 22.02 128.489 15 139.155
175 8.925 5.4675 0.00163749 2.92422e-05 5.46747 22.026 128.573 29 139.98
17 0.867 5.06944 0.00333145 5.94928e-05 5.06938 22.159 130.895 59 140.025
177 9.027 4.84444 0 -5.6224e-05 4.84449 22.17 132.065 0 140.04
149 7.599 4.77389 0.00163749 -2.69818e-05 4.77392 22.177 132.213 29 140.04
148 7.548 4.77137 0.00208922 -1.89149e-05 4.77139 22.186 132.335 37 140.04
147 7.497 4.76885 0.000846979 -4.10987e-05 4.76889 22.194 132.411 15 140.04
152 7.752 4.78145 0.00163749 -2.69818e-05 4.78148 22.201 132.517 29 140.1
139 7.089 4.7487 0.00208922 -1.89149e-05 4.74872 22.21 132.65 37 140.1
86 4.386 4.61517 0.00248447 -1.18565e-05 4.61518 22.219 132.818 44 140.1
54 2.754 4.53455 0.00287973 -4.79799e-06 4.53455 22.227 133.065 51 140.1
57 2.907 4.54211 0.00208922 -1.89149e-05 4.54213 22.235 133.213 37 140.13
123 6.273 4.70839 0 -5.6224e-05 4.70844 22.244 133.186 0 140.13
111 5.661 4.67815 0 -5.6224e-05 4.67821 22.251 133.179 0 140.13
120 6.12 4.47054 0 0 4.47054 22.261 133.182 0 140.13
111 5.661 4.65126 0 0 4.65126 22.279 133.182 0 140.1
111 5.661 4.95892 0 0 4.95892 22.312 133.182 0 140.13
120 6.12 5.26632 0 0 5.26632 22.348 133.182 0 140.13
105 5.355 5.52035 0 0 5.52035 22.38 133.182 0 140.085
105 5.355 5.64565 0 0 5.64565 22.419 133.182 0 140.07
111 5.661 5.66201 0 0 5.66201 22.455 133.182 0 140.025
120 6.12 5.67604 0 0 5.67604 22.488 133.182 0 140.01
99 5.049 5.6938 0 0 5.6938 22.524 133.182 0 140.04
125 6.375 5.69207 0 0 5.69207 22.557 133.182 0 140.04
114 5.814 5.73191 0 0 5.73191 22.59 133.182 0 140.055
105 5.355 5.77105 0 0 5.77105 22.624 133.182 0 140.055
